1 10 5176 0 1 1 1 1 0 1 1 1 1
2 10 5176 1 1 1 1 0 1 0 1 1 1
3 10 5176 1 1 1 0 1 1 1 1 1 0
4 10 5176 1 0 1 1 0 1 1 1 1 1
5 10 5176 0 1 1 1 1 1 0 1 1 1
6 10 5176 1 1 1 1 1 1 0 1 0 1
7 10 5176 1 1 1 1 1 0 1 1 1 0
8 10 5176 0 1 1 1 0 1 1 1 1 1
9 10 5176 1 0 0 1 1 1 1 1 1 1
10 10 5176 1 0 0 1 1 1 1 1 1 1
11 10 5176 1 1 1 1 1 0 1 1 0 1
12 10 5176 1 1 0 1 1 1 0 1 1 1
13 10 5176 1 1 1 1 1 0 1 0 1 1
14 10 5176 1 1 1 1 0 1 1 0 1 1
15 10 5176 1 0 1 1 1 1 1 0 1 1
16 10 5176 1 1 1 1 1 0 1 1 1 0
17 10 5176 1 1 1 0 1 1 0 1 1 1
18 10 5176 1 1 0 1 1 1 0 1 1 1
19 10 5176 1 0 1 1 0 1 1 1 1 1
20 10 5176 0 1 1 1 1 1 1 0 1 1
21 10 5176 1 1 1 1 1 1 1 0 0 1
22 10 5176 1 1 1 1 1 0 0 1 1 1
23 10 5176 1 1 0 0 1 1 1 1 1 1
24 10 5176 1 0 1 1 1 1 1 0 1 1
25 10 5176 1 1 1 1 1 0 0 1 1 1
26 10 5176 0 1 1 1 1 1 1 0 1 1
27 10 5176 0 1 1 1 1 1 1 0 1 1
28 10 5176 0 1 1 1 0 1 1 1 1 1
29 10 5176 1 1 1 0 1 0 1 1 1 1
30 10 5176 1 1 1 1 1 1 1 0 1 0
31 10 5176 1 1 0 1 0 1 1 1 1 1
32 10 5176 1 1 0 1 1 1 1 1 0 1
33 10 5176 1 0 1 1 1 1 1 1 1 0
34 10 5176 1 1 1 0 1 1 1 0 1 1
35 10 5176 1 1 0 0 1 1 1 1 1 1
36 10 5176 0 1 1 0 1 1 1 1 1 1
37 10 5176 0 1 1 1 1 1 1 1 0 1
38 10 5176 0 1 1 1 1 1 1 1 0 1
39 10 5176 1 1 1 1 1 1 1 1 0 0
40 10 5176 1 0 1 1 1 0 1 1 1 1
41 10 5176 1 1 1 1 1 0 1 0 1 1
42 10 5176 0 1 1 1 0 1 1 1 1 1
43 10 5176 0 1 1 1 1 1 1 1 0 1
44 10 5176 1 1 0 1 1 1 1 0 1 1
45 10 5176 0 1 1 1 1 1 1 1 0 1
46 10 5176 1 1 1 1 1 1 1 0 1 0
47 10 5176 1 1 1 1 1 0 1 0 1 1
48 10 5176 1 0 1 1 0 1 1 1 1 1
49 10 5176 0 1 0 1 1 1 1 1 1 1
50 10 5176 1 1 1 0 1 1 0 1 1 1
51 10 5176 1 0 1 1 1 1 1 0 1 1
52 10 5176 1 1 1 1 1 1 1 1 0 0
53 10 5176 1 0 1 1 1 1 1 1 1 0
54 10 5176 1 1 0 0 1 1 1 1 1 1
55 10 5176 1 1 1 0 1 1 1 1 0 1
56 10 5176 1 1 1 1 1 0 1 1 1 0
57 10 5176 1 1 1 1 1 0 1 0 1 1
58 10 5176 1 1 1 1 0 1 1 0 1 1
59 10 5176 1 1 1 0 1 1 1 1 1 0
60 10 5176 1 1 1 1 0 1 1 0 1 1
61 10 5176 1 1 1 1 1 1 0 1 1 0
62 10 5176 1 1 0 1 1 1 1 0 1 1
63 10 5176 1 1 0 1 1 1 1 1 1 0
64 10 5176 1 0 1 1 1 1 0 1 1 1
65 10 5176 1 0 1 1 1 1 1 0 1 1
66 10 5176 1 0 1 1 1 1 1 1 0 1
67 10 5176 1 1 1 1 1 1 1 1 0 0
68 10 5176 1 1 0 1 1 0 1 1 1 1
69 10 5176 1 0 1 1 1 1 1 0 1 1
70 10 5176 1 1 1 0 1 0 1 1 1 1
71 10 5176 1 1 1 1 0 1 1 0 1 1
72 10 5176 1 1 1 0 1 1 1 0 1 1
73 10 5176 1 1 0 1 1 1 1 1 1 0
74 10 5176 1 1 1 1 0 1 1 0 1 1
75 10 5176 1 0 1 1 1 1 1 1 1 0
76 10 5176 0 1 1 1 1 1 1 0 1 1
77 10 5176 1 1 0 0 1 1 1 1 1 1
78 10 5176 1 1 1 1 1 1 1 1 0 0
79 10 5176 0 0 1 1 1 1 1 1 1 1
80 10 5176 1 1 1 0 1 0 1 1 1 1
81 10 5176 1 1 1 1 0 0 1 1 1 1
82 10 5176 1 1 1 0 1 1 1 0 1 1
83 10 5176 1 1 1 1 0 1 1 1 0 1
84 10 5176 0 1 1 1 1 1 1 1 1 0
85 10 5176 1 1 1 1 0 1 1 0 1 1
86 10 5176 1 1 0 1 0 1 1 1 1 1
87 10 5176 1 0 0 1 1 1 1 1 1 1
88 10 5176 1 1 1 1 1 1 0 1 0 1
89 10 5176 1 1 0 1 1 1 1 1 1 0
90 10 5176 1 1 0 1 1 1 1 0 1 1
91 10 5176 1 1 1 1 1 0 1 1 1 0
92 10 5176 0 1 0 1 1 1 1 1 1 1
93 10 5176 1 0 1 1 1 1 1 0 1 1
94 10 5176 1 0 0 1 1 1 1 1 1 1
95 10 5176 0 1 1 1 1 1 1 1 0 1
96 10 5176 1 1 0 1 1 1 1 0 1 1
97 10 5176 1 1 1 0 1 1 0 1 1 1
98 10 5176 1 1 1 1 0 0 1 1 1 1
99 10 5176 1 1 1 0 1 1 0 1 1 1
100 10 5176 1 0 1 0 1 1 1 1 1 1
101 10 5176 1 1 0 1 1 1 1 0 1 1
102 10 5176 1 1 0 1 1 1 1 1 0 1
103 10 5176 0 1 1 1 1 1 1 1 0 1
104 10 5176 1 1 1 0 1 1 1 1 1 0
105 10 5176 0 1 1 1 1 1 1 1 0 1
106 10 5176 1 1 1 0 1 0 1 1 1 1
107 10 5176 1 1 1 1 1 0 1 1 1 0
108 10 5176 1 0 1 1 1 1 0 1 1 1
109 10 5176 1 0 0 1 1 1 1 1 1 1
110 10 5176 1 1 1 1 1 0 1 1 0 1
111 10 5176 0 0 1 1 1 1 1 1 1 1
112 10 5176 1 0 1 1 1 0 1 1 1 1
113 10 5176 1 1 1 1 1 0 0 1 1 1
114 10 5176 1 0 1 1 1 0 1 1 1 1
115 10 5176 1 0 1 1 1 1 0 1 1 1
116 10 5176 1 1 1 0 1 1 0 1 1 1
117 10 5176 1 1 1 0 1 1 1 0 1 1
118 10 5176 0 1 1 1 1 1 1 0 1 1
119 10 5176 1 0 1 1 1 1 1 0 1 1
120 10 5176 1 1 0 1 1 1 0 1 1 1
121 10 5176 0 1 1 1 0 1 1 1 1 1
122 10 5176 1 1 1 1 1 0 1 1 0 1
123 10 5176 0 1 1 1 1 1 1 1 1 0
124 10 5176 1 1 1 1 0 1 1 1 1 0
125 10 5176 0 0 1 1 1 1 1 1 1 1
126 10 5176 0 1 1 1 1 1 1 1 1 0
127 10 5176 1 0 0 1 1 1 1 1 1 1
128 10 5176 1 1 1 0 1 0 1 1 1 1
129 10 5176 1 1 1 0 1 1 1 0 1 1
130 10 5176 1 1 1 1 1 1 0 1 0 1
131 10 5176 0 1 1 0 1 1 1 1 1 1
132 10 5176 0 1 1 1 1 1 1 0 1 1
133 10 5176 1 1 0 0 1 1 1 1 1 1
134 10 5176 0 1 1 1 0 1 1 1 1 1
135 10 5176 1 1 1 1 1 0 1 0 1 1
136 10 5176 1 1 1 1 1 1 0 1 1 0
137 10 5176 1 0 0 1 1 1 1 1 1 1
138 10 5176 1 1 1 1 0 1 1 0 1 1
139 10 5176 1 1 1 1 1 0 1 1 1 0
140 10 5176 1 0 1 1 1 1 1 1 1 0
141 10 5176 1 1 0 1 1 0 1 1 1 1
142 10 5176 1 0 1 1 1 1 1 1 0 1
143 10 5176 1 1 1 1 0 1 1 1 0 1
144 10 5176 1 1 1 1 1 0 1 1 1 0
145 10 5176 1 0 1 1 1 0 1 1 1 1
146 10 5176 1 1 0 0 1 1 1 1 1 1
147 10 5176 0 1 1 1 1 1 0 1 1 1
148 10 5176 1 0 1 1 1 1 1 1 0 1
149 10 5176 1 0 1 1 1 1 0 1 1 1
150 10 5176 1 1 0 1 1 1 1 1 1 0
151 10 5176 1 0 1 1 1 1 1 0 1 1
152 10 5176 1 0 1 0 1 1 1 1 1 1
153 10 5176 1 1 1 1 1 1 1 0 1 0
154 10 5176 1 1 1 0 1 1 0 1 1 1
155 10 5176 0 1 1 1 1 1 1 0 1 1
156 10 5176 1 1 1 1 0 1 0 1 1 1
157 10 5176 1 1 1 0 1 0 1 1 1 1
158 10 5176 1 0 1 1 1 1 1 1 1 0
159 10 5176 1 1 1 1 0 0 1 1 1 1
160 10 5176 1 0 1 1 1 1 1 1 1 0
161 10 5176 1 1 0 1 1 1 1 1 0 1
162 10 5176 1 1 1 1 1 1 0 0 1 1
163 10 5176 1 1 1 1 1 1 1 0 1 0
164 10 5176 0 1 1 1 0 1 1 1 1 1
165 10 5176 1 1 1 0 1 1 1 1 1 0
166 10 5176 1 1 1 0 1 1 1 1 0 1
167 10 5176 1 1 0 1 1 1 1 1 0 1
168 10 5176 0 1 1 1 1 1 1 0 1 1
169 10 5176 0 1 1 1 1 1 1 1 0 1
170 10 5176 0 1 1 1 1 0 1 1 1 1
171 10 5176 1 1 1 0 0 1 1 1 1 1
172 10 5176 1 1 1 0 1 1 1 0 1 1
173 10 5176 1 0 1 1 0 1 1 1 1 1
174 10 5176 1 1 1 0 1 1 1 1 1 0
175 10 5176 1 1 1 1 1 1 1 0 0 1
176 10 5176 1 1 0 0 1 1 1 1 1 1
177 10 5176 0 1 1 1 0 1 1 1 1 1
178 10 5176 1 1 1 1 1 1 1 0 1 0
179 10 5176 0 1 1 0 1 1 1 1 1 1
180 10 5176 1 1 1 0 1 0 1 1 1 1
181 10 5176 1 1 1 1 0 1 1 0 1 1
182 10 5176 0 1 1 1 0 1 1 1 1 1
183 10 5176 1 1 1 1 1 0 1 1 0 1
184 10 5176 1 1 1 0 1 1 1 1 0 1
185 10 5176 1 1 1 1 1 1 1 1 0 0
186 10 5176 1 1 1 0 0 1 1 1 1 1
187 10 5176 1 0 1 1 1 1 1 1 0 1
188 10 5176 1 1 1 1 1 1 0 1 1 0
189 10 5176 1 0 1 1 1 1 1 0 1 1
190 10 5176 0 1 1 1 1 1 1 1 1 0
191 10 5176 0 1 1 0 1 1 1 1 1 1
192 10 5176 1 1 0 1 1 1 0 1 1 1
193 10 5176 1 1 1 1 1 1 1 0 0 1
194 10 5176 1 0 1 1 1 1 1 0 1 1
195 10 5176 1 1 1 1 1 1 0 1 0 1
196 10 5176 0 1 1 1 0 1 1 1 1 1
197 10 5176 0 1 1 1 1 1 1 1 0 1
198 10 5176 1 0 1 1 0 1 1 1 1 1
199 10 5176 1 1 1 1 0 1 1 1 0 1
200 10 5176 1 1 0 1 1 1 1 1 0 1
201 10 5176 1 0 0 1 1 1 1 1 1 1
202 10 5176 0 1 1 1 1 1 0 1 1 1
203 10 5176 1 0 1 1 1 0 1 1 1 1
204 10 5176 1 1 0 1 1 1 1 1 1 0
205 10 5176 1 1 1 1 1 0 0 1 1 1
206 10 5176 1 1 0 1 1 1 1 0 1 1
207 10 5176 0 1 1 1 1 1 1 1 1 0
208 10 5176 1 1 1 0 1 1 1 1 1 0
209 10 5176 1 1 1 0 0 1 1 1 1 1
210 10 5176 0 1 1 1 1 1 1 0 1 1
211 10 5176 1 1 1 1 1 0 1 1 0 1
212 10 5176 1 0 1 1 0 1 1 1 1 1
213 10 5176 1 1 1 1 1 0 1 0 1 1
214 10 5176 1 0 1 1 1 1 1 1 1 0
215 10 5176 1 0 1 1 1 1 1 1 0 1
216 10 5176 1 1 1 1 1 0 1 0 1 1
217 10 5176 1 1 1 1 1 0 0 1 1 1
218 10 5176 0 1 0 1 1 1 1 1 1 1
219 10 5176 1 1 1 0 1 0 1 1 1 1
220 10 5176 1 1 0 1 1 0 1 1 1 1
221 10 5176 1 1 1 0 1 1 1 1 1 0
222 10 5176 1 1 1 1 1 0 0 1 1 1
223 10 5176 1 1 1 1 1 0 1 0 1 1
224 10 5176 1 0 1 1 1 1 1 1 0 1
225 10 5176 1 1 1 0 1 1 1 1 1 0
226 10 5176 0 1 1 0 1 1 1 1 1 1
227 10 5176 0 1 1 0 1 1 1 1 1 1
228 10 5176 0 1 1 1 1 1 1 1 1 0
229 10 5176 1 1 1 1 0 1 1 1 1 0
230 10 5176 0 1 1 0 1 1 1 1 1 1
231 10 5176 1 1 1 1 0 0 1 1 1 1
232 10 5176 1 0 1 1 1 1 1 0 1 1
233 10 5176 1 1 1 1 1 0 1 1 0 1
234 10 5176 1 1 1 0 0 1 1 1 1 1
235 10 5176 0 1 1 1 1 1 1 1 0 1
236 10 5176 0 0 1 1 1 1 1 1 1 1
237 10 5176 1 1 0 1 1 1 1 1 0 1
238 10 5176 1 1 1 0 1 1 1 1 1 0
239 10 5176 1 1 1 1 1 1 1 1 0 0
240 10 5176 1 1 1 1 0 1 1 1 0 1
241 10 5176 1 1 1 1 1 1 0 0 1 1
242 10 5176 1 1 1 0 1 0 1 1 1 1
243 10 5176 0 1 1 1 1 1 1 1 0 1
244 10 5176 1 1 0 1 1 1 1 0 1 1
245 10 5176 1 1 1 1 0 1 1 0 1 1
246 10 5176 1 1 1 1 0 1 1 0 1 1
247 10 5176 1 1 1 1 0 1 1 1 0 1
248 10 5176 0 0 1 1 1 1 1 1 1 1
249 10 5176 0 1 1 0 1 1 1 1 1 1
250 10 5176 1 1 1 1 1 0 0 1 1 1
251 10 5176 1 0 1 1 0 1 1 1 1 1
252 10 5176 0 1 0 1 1 1 1 1 1 1
253 10 5176 1 1 1 1 0 0 1 1 1 1
254 10 5176 1 1 1 0 1 1 0 1 1 1
255 10 5176 1 1 0 1 1 1 1 1 0 1
256 10 5176 1 0 1 1 1 1 0 1 1 1
257 10 5176 1 1 1 0 1 1 1 0 1 1
258 10 5176 1 1 1 1 1 1 0 0 1 1
259 10 5176 0 1 1 1 1 0 1 1 1 1
260 10 5176 1 1 1 1 1 1 1 0 1 0
261 10 5176 1 1 1 1 0 1 0 1 1 1
262 10 5176 0 1 1 1 1 1 1 1 1 0
263 10 5176 1 1 1 1 1 1 0 1 0 1
264 10 5176 0 1 1 1 1 1 1 1 1 0
265 10 5176 1 1 1 1 1 1 1 0 0 1
266 10 5176 1 1 1 1 1 1 1 0 1 0
267 10 5176 1 1 0 1 1 1 1 1 0 1
268 10 5176 0 1 1 1 1 1 0 1 1 1
269 10 5176 1 0 1 1 1 1 1 1 0 1
270 10 5176 1 1 1 0 0 1 1 1 1 1
271 10 5176 1 1 1 1 0 1 1 0 1 1
272 10 5176 1 1 0 1 1 1 1 1 0 1
273 10 5176 1 1 0 1 1 1 0 1 1 1
274 10 5176 1 1 0 1 1 1 1 1 1 0
275 10 5176 1 1 1 1 1 1 0 1 1 0
276 10 5176 1 1 1 0 0 1 1 1 1 1
277 10 5176 1 0 1 1 1 0 1 1 1 1
278 10 5176 0 1 1 1 1 0 1 1 1 1
279 10 5176 1 0 1 1 0 1 1 1 1 1
280 10 5176 1 1 0 1 1 0 1 1 1 1
281 10 5176 1 1 0 0 1 1 1 1 1 1
282 10 5176 1 1 1 1 1 1 0 1 0 1
283 10 5176 1 1 1 0 1 1 1 1 1 0
284 10 5176 1 1 1 1 1 1 0 0 1 1
285 10 5176 0 1 1 1 1 1 1 1 1 0
286 10 5176 1 1 1 0 1 0 1 1 1 1
287 10 5176 1 0 1 1 1 1 1 1 0 1
288 10 5176 1 1 1 0 1 1 0 1 1 1
289 10 5176 1 1 1 1 1 1 1 1 0 0
290 10 5176 1 1 0 1 0 1 1 1 1 1
291 10 5176 0 1 1 0 1 1 1 1 1 1
292 10 5176 0 1 1 0 1 1 1 1 1 1
293 10 5176 1 1 1 1 1 0 1 1 0 1
294 10 5176 0 0 1 1 1 1 1 1 1 1
295 10 5176 0 1 1 1 1 1 1 1 1 0
296 10 5176 1 0 1 1 0 1 1 1 1 1
297 10 5176 1 1 1 1 0 1 0 1 1 1
298 10 5176 1 1 1 1 1 1 1 0 1 0
299 10 5176 1 1 1 1 1 0 0 1 1 1
300 10 5176 0 1 1 0 1 1 1 1 1 1
301 10 5176 1 0 0 1 1 1 1 1 1 1
302 10 5176 1 1 1 1 0 1 1 1 0 1
303 10 5176 1 1 1 1 1 0 1 0 1 1
304 10 5176 1 1 1 1 1 1 1 0 0 1
305 10 5176 0 1 0 1 1 1 1 1 1 1
306 10 5176 1 1 1 1 1 1 1 1 0 0
307 10 5176 1 0 1 1 1 0 1 1 1 1
308 10 5176 0 1 1 0 1 1 1 1 1 1
309 10 5176 1 1 1 1 1 0 0 1 1 1
310 10 5176 1 1 1 1 1 1 1 0 1 0
311 10 5176 0 1 1 1 1 1 1 0 1 1
312 10 5176 1 1 1 1 1 0 0 1 1 1
313 10 5176 1 1 0 1 1 1 0 1 1 1
314 10 5176 1 0 1 1 1 1 1 1 0 1
315 10 5176 1 1 1 1 1 1 1 1 0 0
316 10 5176 1 1 1 1 0 1 1 0 1 1
317 10 5176 1 1 1 0 1 0 1 1 1 1
318 10 5176 0 1 1 1 1 1 1 0 1 1
319 10 5176 1 1 1 0 1 1 1 1 0 1
320 10 5176 1 1 1 1 1 1 1 0 0 1
321 10 5176 1 1 1 1 0 1 1 1 0 1
322 10 5176 1 1 1 1 0 1 1 0 1 1
323 10 5176 1 0 1 0 1 1 1 1 1 1
324 10 5176 1 1 1 1 1 1 1 1 0 0
325 10 5176 1 1 1 0 1 1 0 1 1 1
326 10 5176 1 1 0 1 1 1 1 1 0 1
327 10 5176 1 0 1 1 1 1 1 0 1 1
328 10 5176 1 1 1 0 1 1 0 1 1 1
329 10 5176 1 1 1 1 1 1 1 0 1 0
330 10 5176 1 1 1 0 0 1 1 1 1 1
331 10 5176 0 1 1 0 1 1 1 1 1 1
332 10 5176 1 1 1 0 1 1 1 1 1 0
333 10 5176 1 1 0 1 0 1 1 1 1 1
334 10 5176 1 1 0 1 1 0 1 1 1 1
335 10 5176 1 0 1 1 1 1 1 0 1 1
336 10 5176 1 1 1 1 0 1 1 1 0 1
337 10 5176 1 1 1 1 0 1 0 1 1 1
338 10 5176 0 1 1 1 1 1 1 1 0 1
339 10 5176 1 1 1 1 1 1 0 1 0 1
340 10 5176 1 0 0 1 1 1 1 1 1 1
341 10 5176 1 1 1 1 1 1 0 1 1 0
342 10 5176 1 1 1 1 1 1 1 0 1 0
343 10 5176 0 0 1 1 1 1 1 1 1 1
344 10 5176 1 0 0 1 1 1 1 1 1 1
345 10 5176 1 1 0 0 1 1 1 1 1 1
346 10 5176 1 1 0 1 1 1 1 1 0 1
347 10 5176 1 1 0 1 1 1 0 1 1 1
348 10 5176 1 1 1 1 0 1 1 1 0 1
349 10 5176 0 1 1 1 1 1 1 1 1 0
350 10 5176 1 1 1 1 0 0 1 1 1 1
351 10 5176 0 1 1 1 1 1 1 0 1 1
352 10 5176 1 1 0 1 1 1 1 1 0 1
353 10 5176 1 1 1 1 1 0 0 1 1 1
354 10 5176 1 1 0 0 1 1 1 1 1 1
355 10 5176 0 1 1 0 1 1 1 1 1 1
356 10 5176 1 1 0 1 1 1 0 1 1 1
357 10 5176 1 0 1 1 1 1 1 1 1 0
358 10 5176 1 1 1 0 1 1 1 1 1 0
359 10 5176 1 1 1 1 1 0 1 1 1 0
360 10 5176 1 0 1 1 1 0 1 1 1 1
361 10 5176 0 1 1 1 1 1 1 0 1 1
362 10 5176 1 1 1 1 1 1 1 0 1 0
363 10 5176 1 1 1 1 0 1 0 1 1 1
364 10 5176 1 1 0 0 1 1 1 1 1 1
365 10 5176 1 1 0 1 1 1 0 1 1 1
366 10 5176 1 1 1 0 1 1 1 1 0 1
367 10 5176 1 1 1 0 1 1 0 1 1 1
368 10 5176 0 1 1 0 1 1 1 1 1 1
369 10 5176 1 1 1 1 1 1 0 1 0 1
370 10 5176 1 1 1 1 1 1 0 1 0 1
371 10 5176 1 1 0 1 1 1 0 1 1 1
372 10 5176 1 1 1 1 1 1 1 1 0 0
373 10 5176 0 1 1 1 1 1 1 1 0 1
374 10 5176 0 1 1 1 1 1 1 0 1 1
375 10 5176 1 1 0 1 1 0 1 1 1 1
376 10 5176 1 1 1 0 0 1 1 1 1 1
377 10 5176 0 1 1 1 1 1 1 0 1 1
378 10 5176 0 0 1 1 1 1 1 1 1 1
379 10 5176 0 1 1 1 1 1 1 1 0 1
380 10 5176 1 1 1 1 0 0 1 1 1 1
381 10 5176 1 1 1 1 0 1 1 0 1 1
382 10 5176 1 1 0 1 1 1 1 1 0 1
383 10 5176 1 0 1 1 1 1 1 1 0 1
384 10 5176 1 1 1 0 1 1 1 1 0 1
385 10 5176 1 0 1 1 1 1 1 0 1 1
386 10 5176 1 0 0 1 1 1 1 1 1 1
387 10 5176 1 0 0 1 1 1 1 1 1 1
388 10 5176 1 1 1 1 1 0 1 1 0 1
389 10 5176 0 1 1 1 1 0 1 1 1 1
390 10 5176 1 1 1 1 1 1 1 0 1 0
391 10 5176 1 1 1 1 1 0 1 0 1 1
392 10 5176 1 1 0 1 1 1 1 1 1 0
393 10 5176 1 1 0 0 1 1 1 1 1 1
394 10 5176 1 1 1 1 0 1 0 1 1 1
395 10 5176 1 1 1 1 1 0 1 1 0 1
396 10 5176 1 1 1 0 1 0 1 1 1 1
397 10 5176 1 0 1 1 1 1 1 0 1 1
398 10 5176 1 1 1 1 0 1 1 1 1 0
399 10 5176 1 1 1 0 1 1 1 1 1 0
400 10 5176 1 1 1 1 1 1 0 1 1 0
401 10 5176 0 1 1 0 1 1 1 1 1 1
402 10 5176 1 1 1 0 1 1 1 1 1 0
403 10 5176 1 1 1 0 1 1 1 0 1 1
404 10 5176 1 1 1 1 1 0 1 1 1 0
405 10 5176 1 1 1 1 0 1 1 0 1 1
406 10 5176 1 1 1 0 1 1 1 1 0 1
407 10 5176 0 1 1 1 1 1 1 1 0 1
408 10 5176 1 1 1 1 0 1 0 1 1 1
409 10 5176 1 1 1 0 1 1 0 1 1 1
410 10 5176 1 1 1 1 0 1 1 0 1 1
411 10 5176 1 1 1 1 0 1 1 0 1 1
412 10 5176 1 1 1 0 1 1 0 1 1 1
413 10 5176 1 1 1 1 1 0 1 0 1 1
414 10 5176 0 1 0 1 1 1 1 1 1 1
415 10 5176 1 1 1 1 1 1 0 1 1 0
416 10 5176 1 1 1 0 1 1 1 1 1 0
417 10 5176 0 1 1 1 1 1 1 1 0 1
418 10 5176 1 1 1 1 1 1 0 1 1 0
419 10 5176 1 1 1 1 1 0 1 1 1 0
420 10 5176 0 0 1 1 1 1 1 1 1 1
421 10 5176 1 1 1 1 1 1 0 0 1 1
422 10 5176 1 1 1 0 1 1 1 0 1 1
423 10 5176 1 0 1 1 1 0 1 1 1 1
424 10 5176 1 0 1 1 1 1 1 1 0 1
425 10 5176 0 1 1 1 0 1 1 1 1 1
426 10 5176 1 1 1 1 1 1 1 0 1 0
427 10 5176 1 1 1 1 1 1 1 1 0 0
428 10 5176 1 1 1 1 1 0 1 1 0 1
429 10 5176 1 0 0 1 1 1 1 1 1 1
430 10 5176 1 0 1 1 1 0 1 1 1 1
431 10 5176 1 1 1 1 0 1 1 1 1 0
432 10 5176 1 1 1 0 0 1 1 1 1 1
433 10 5176 0 1 1 1 1 1 0 1 1 1
434 10 5176 1 1 1 1 0 1 0 1 1 1
435 10 5176 1 1 1 1 1 1 0 0 1 1
436 10 5176 1 0 0 1 1 1 1 1 1 1
437 10 5176 1 1 1 0 1 0 1 1 1 1
438 10 5176 1 1 1 1 1 1 1 0 1 0
439 10 5176 1 1 1 1 1 0 1 0 1 1
440 10 5176 1 1 1 1 1 1 0 0 1 1
441 10 5176 0 1 1 1 0 1 1 1 1 1
442 10 5176 1 0 0 1 1 1 1 1 1 1
443 10 5176 1 0 1 1 1 1 1 1 0 1
444 10 5176 1 1 1 1 0 1 0 1 1 1
445 10 5176 1 1 1 0 0 1 1 1 1 1
446 10 5176 0 1 1 1 0 1 1 1 1 1
447 10 5176 1 1 1 0 0 1 1 1 1 1
448 10 5176 1 1 0 1 0 1 1 1 1 1
449 10 5176 1 1 1 1 1 0 0 1 1 1
450 10 5176 1 1 1 1 1 0 1 0 1 1
451 10 5176 1 0 1 1 1 1 1 1 1 0
452 10 5176 1 1 0 1 1 1 0 1 1 1
453 10 5176 1 1 1 0 1 0 1 1 1 1
454 10 5176 1 0 0 1 1 1 1 1 1 1
455 10 5176 1 1 1 0 1 0 1 1 1 1
456 10 5176 0 1 1 1 1 0 1 1 1 1
457 10 5176 1 0 1 1 1 0 1 1 1 1
458 10 5176 0 1 1 1 1 1 1 1 0 1
459 10 5176 1 0 1 1 1 1 1 1 1 0
460 10 5176 1 0 1 1 1 1 1 1 0 1
461 10 5176 1 0 1 0 1 1 1 1 1 1
462 10 5176 0 1 0 1 1 1 1 1 1 1
463 10 5176 1 1 1 1 1 0 1 1 0 1
464 10 5176 1 1 1 1 0 0 1 1 1 1
465 10 5176 1 0 1 1 1 0 1 1 1 1
466 10 5176 1 1 1 1 1 1 1 0 0 1
467 10 5176 1 1 1 1 1 1 1 0 1 0
468 10 5176 1 0 1 1 1 1 1 1 0 1
469 10 5176 1 0 0 1 1 1 1 1 1 1
470 10 5176 1 0 1 0 1 1 1 1 1 1
471 10 5176 0 0 1 1 1 1 1 1 1 1
472 10 5176 1 0 1 1 1 1 0 1 1 1
473 10 5176 1 1 1 1 0 1 1 0 1 1
474 10 5176 1 1 1 1 1 1 0 1 1 0
475 10 5176 1 0 1 0 1 1 1 1 1 1
476 10 5176 1 1 1 0 1 1 0 1 1 1
477 10 5176 1 1 1 1 0 1 1 0 1 1
478 10 5176 1 1 1 1 1 1 1 1 0 0
479 10 5176 0 1 1 1 0 1 1 1 1 1
480 10 5176 1 1 1 0 1 1 0 1 1 1
481 10 5176 1 0 1 1 0 1 1 1 1 1
482 10 5176 1 0 1 1 0 1 1 1 1 1
483 10 5176 1 1 0 1 0 1 1 1 1 1
484 10 5176 1 0 1 1 1 1 1 0 1 1
485 10 5176 1 1 1 1 1 1 1 0 1 0
486 10 5176 1 1 1 1 1 0 1 1 1 0
487 10 5176 1 1 1 0 1 1 1 1 0 1
488 10 5176 1 1 1 1 1 1 0 0 1 1
489 10 5176 0 1 1 1 0 1 1 1 1 1
490 10 5176 1 1 1 0 1 1 1 0 1 1
491 10 5176 1 0 1 1 1 0 1 1 1 1
492 10 5176 1 1 1 0 1 1 0 1 1 1
493 10 5176 1 1 1 1 0 1 1 1 0 1
494 10 5176 1 1 1 1 0 0 1 1 1 1
495 10 5176 1 1 1 1 1 0 0 1 1 1
496 10 5176 1 1 1 1 0 0 1 1 1 1
497 10 5176 1 1 1 1 1 1 0 1 0 1
498 10 5176 1 1 1 1 1 1 1 1 0 0
499 10 5176 1 0 1 1 1 0 1 1 1 1
500 10 5176 0 1 1 1 1 1 1 1 0 1
501 10 5176 1 1 1 1 1 0 1 1 0 1
502 10 5176 1 1 1 1 1 1 0 0 1 1
503 10 5176 1 1 1 1 0 1 1 1 1 0
504 10 5176 1 0 1 1 1 1 0 1 1 1
505 10 5176 1 1 1 1 1 1 1 0 0 1
506 10 5176 1 1 0 0 1 1 1 1 1 1
507 10 5176 0 1 0 1 1 1 1 1 1 1
508 10 5176 0 1 1 1 1 1 1 1 0 1
509 10 5176 0 1 1 1 1 0 1 1 1 1
510 10 5176 1 0 1 1 1 1 1 1 0 1
511 10 5176 1 1 0 1 1 1 1 0 1 1
512 10 5176 1 1 1 1 1 0 1 1 0 1
513 10 5176 1 1 1 1 1 1 0 0 1 1
514 10 5176 1 1 1 0 1 1 1 1 1 0
515 10 5176 1 1 0 1 1 1 1 1 1 0
516 10 5176 1 1 0 1 0 1 1 1 1 1
517 10 5176 1 1 1 0 1 1 0 1 1 1
518 10 5176 1 1 1 1 1 1 1 0 1 0
519 10 5176 1 1 0 1 0 1 1 1 1 1
520 10 5176 1 1 0 1 1 0 1 1 1 1
521 10 5176 1 0 1 1 1 1 1 1 1 0
522 10 5176 1 1 1 1 1 1 0 0 1 1
523 10 5176 1 0 1 1 1 1 1 0 1 1
524 10 5176 1 1 0 1 1 1 1 1 0 1
525 10 5176 1 1 1 1 0 1 1 1 1 0
526 10 5176 1 1 0 1 1 0 1 1 1 1
527 10 5176 0 1 1 0 1 1 1 1 1 1
528 10 5176 1 1 1 1 1 0 1 1 0 1
529 10 5176 1 1 0 1 1 1 0 1 1 1
530 10 5176 1 0 1 1 0 1 1 1 1 1
531 10 5176 1 1 1 1 1 1 0 0 1 1
532 10 5176 1 1 0 0 1 1 1 1 1 1
533 10 5176 1 0 1 1 1 1 0 1 1 1
534 10 5176 0 0 1 1 1 1 1 1 1 1
535 10 5176 1 1 1 1 1 0 1 1 0 1
536 10 5176 1 1 1 1 1 0 1 1 1 0
537 10 5176 0 1 1 1 0 1 1 1 1 1
538 10 5176 1 1 0 0 1 1 1 1 1 1
539 10 5176 0 1 1 1 1 0 1 1 1 1
540 10 5176 0 1 1 1 1 1 1 1 0 1
541 10 5176 1 0 1 1 1 1 0 1 1 1
542 10 5176 1 1 1 1 1 0 0 1 1 1
543 10 5176 1 0 1 1 1 1 1 1 0 1
544 10 5176 1 1 0 1 1 1 1 0 1 1
545 10 5176 1 1 1 1 1 0 1 1 0 1
546 10 5176 1 1 1 1 1 0 0 1 1 1
547 10 5176 1 0 1 1 1 0 1 1 1 1
548 10 5176 1 1 1 1 1 0 1 1 1 0
549 10 5176 1 1 0 1 1 0 1 1 1 1
550 10 5176 1 1 0 1 1 0 1 1 1 1
551 10 5176 0 1 0 1 1 1 1 1 1 1
552 10 5176 1 0 1 1 1 1 1 0 1 1
553 10 5176 1 1 1 0 1 1 1 1 0 1
554 10 5176 1 0 1 1 1 1 1 0 1 1
555 10 5176 1 0 1 1 1 1 1 1 1 0
556 10 5176 1 1 1 0 1 1 0 1 1 1
557 10 5176 1 1 1 0 1 1 0 1 1 1
558 10 5176 1 1 1 1 0 1 1 0 1 1
559 10 5176 1 1 0 1 1 1 1 0 1 1
560 10 5176 1 1 1 0 1 1 1 1 0 1
561 10 5176 1 0 1 1 1 0 1 1 1 1
562 10 5176 1 1 1 1 1 1 0 0 1 1
563 10 5176 1 1 1 1 0 1 1 1 0 1
564 10 5176 1 1 1 1 1 1 0 0 1 1
565 10 5176 1 1 1 1 0 0 1 1 1 1
566 10 5176 1 1 1 1 1 0 1 0 1 1
567 10 5176 1 0 0 1 1 1 1 1 1 1
568 10 5176 1 1 1 0 1 1 0 1 1 1
569 10 5176 0 1 1 1 0 1 1 1 1 1
570 10 5176 1 1 1 1 1 0 1 1 0 1
571 10 5176 1 1 1 0 1 1 0 1 1 1
572 10 5176 1 1 1 1 1 1 1 0 1 0
573 10 5176 1 1 0 1 1 1 1 0 1 1
574 10 5176 1 1 0 1 1 1 1 1 1 0
575 10 5176 1 0 1 1 1 1 0 1 1 1
576 10 5176 1 1 0 0 1 1 1 1 1 1
577 10 5176 1 1 0 1 0 1 1 1 1 1
578 10 5176 1 1 1 1 0 0 1 1 1 1
579 10 5176 1 1 1 0 1 1 1 1 1 0
580 10 5176 0 1 1 0 1 1 1 1 1 1
581 10 5176 1 0 1 1 1 0 1 1 1 1
582 10 5176 1 1 1 1 1 1 0 0 1 1
583 10 5176 0 1 1 1 1 1 0 1 1 1
584 10 5176 1 1 1 1 0 1 1 1 1 0
585 10 5176 1 1 1 0 1 1 1 0 1 1
586 10 5176 1 1 0 1 1 0 1 1 1 1
587 10 5176 0 1 1 1 1 1 1 0 1 1
588 10 5176 1 0 1 1 1 1 1 1 1 0
589 10 5176 1 1 1 1 1 0 0 1 1 1
590 10 5176 0 1 1 0 1 1 1 1 1 1
591 10 5176 0 0 1 1 1 1 1 1 1 1
592 10 5176 0 1 1 1 1 0 1 1 1 1
593 10 5176 0 1 1 0 1 1 1 1 1 1
594 10 5176 1 1 1 0 1 1 1 0 1 1
595 10 5176 1 1 1 1 1 1 1 0 0 1
596 10 5176 1 1 1 1 1 0 0 1 1 1
597 10 5176 0 1 1 1 1 1 1 1 0 1
598 10 5176 0 1 1 1 0 1 1 1 1 1
599 10 5176 0 0 1 1 1 1 1 1 1 1
600 10 5176 0 1 1 1 1 1 1 0 1 1
601 10 5176 1 1 0 1 1 1 1 0 1 1
602 10 5176 0 1 1 0 1 1 1 1 1 1
603 10 5176 0 1 0 1 1 1 1 1 1 1
604 10 5176 1 1 1 0 1 1 1 1 1 0
605 10 5176 0 1 1 1 0 1 1 1 1 1
606 10 5176 1 1 0 1 0 1 1 1 1 1
607 10 5176 0 1 1 1 1 1 1 1 1 0
608 10 5176 1 1 0 1 0 1 1 1 1 1
609 10 5176 1 1 0 1 1 1 1 1 0 1
610 10 5176 1 1 0 0 1 1 1 1 1 1
611 10 5176 1 0 1 1 1 1 1 1 0 1
612 10 5176 1 0 1 1 1 1 1 1 0 1
613 10 5176 1 1 1 0 1 1 0 1 1 1
614 10 5176 1 0 1 1 1 1 1 1 1 0
615 10 5176 1 1 0 1 1 1 1 1 1 0
616 10 5176 1 1 1 1 1 0 1 1 1 0
617 10 5176 1 1 1 1 1 0 1 0 1 1
618 10 5176 1 1 1 0 1 1 1 1 0 1
619 10 5176 1 1 1 1 1 1 1 0 0 1
620 10 5176 1 0 1 1 0 1 1 1 1 1
621 10 5176 0 1 1 1 1 1 0 1 1 1
622 10 5176 0 1 1 1 1 1 1 1 1 0
623 10 5176 1 1 1 1 1 1 1 0 1 0
624 10 5176 1 1 1 0 1 0 1 1 1 1
625 10 5176 0 1 1 1 1 1 1 1 1 0
626 10 5176 0 1 1 1 1 1 1 1 1 0
627 10 5176 1 1 1 1 1 1 0 1 1 0
628 10 5176 0 1 1 1 0 1 1 1 1 1
629 10 5176 1 1 1 1 0 1 1 0 1 1
630 10 5176 1 1 0 1 0 1 1 1 1 1
631 10 5176 1 0 0 1 1 1 1 1 1 1
632 10 5176 1 1 0 1 1 0 1 1 1 1
633 10 5176 1 1 0 1 1 1 1 1 1 0
634 10 5176 1 0 1 0 1 1 1 1 1 1
635 10 5176 1 1 1 0 1 1 0 1 1 1
636 10 5176 1 1 1 1 0 1 1 1 1 0
637 10 5176 1 1 1 1 1 0 0 1 1 1
638 10 5176 1 1 0 1 1 0 1 1 1 1
639 10 5176 1 1 0 1 1 1 1 1 0 1
640 10 5176 1 0 1 1 1 0 1 1 1 1
641 10 5176 1 1 1 0 1 1 1 1 0 1
642 10 5176 1 1 1 0 1 1 1 1 1 0
643 10 5176 0 1 1 1 0 1 1 1 1 1
644 10 5176 1 1 1 1 1 0 1 1 1 0
645 10 5176 1 1 1 0 0 1 1 1 1 1
646 10 5176 1 1 1 0 1 0 1 1 1 1
647 10 5176 1 1 1 0 1 1 1 1 1 0
648 10 5176 1 1 0 1 1 1 1 0 1 1
649 10 5176 1 1 1 1 0 1 1 0 1 1
650 10 5176 0 1 1 1 0 1 1 1 1 1
651 10 5176 1 1 0 1 1 0 1 1 1 1
652 10 5176 1 1 1 0 1 1 1 1 0 1
653 10 5176 0 0 1 1 1 1 1 1 1 1
654 10 5176 1 0 1 0 1 1 1 1 1 1
655 10 5176 1 1 1 1 0 1 1 1 1 0
656 10 5176 0 1 1 1 1 1 1 1 0 1
657 10 5176 0 1 1 1 0 1 1 1 1 1
658 10 5176 1 1 1 1 1 0 1 1 1 0
659 10 5176 1 0 1 1 0 1 1 1 1 1
660 10 5176 1 1 1 1 0 1 1 0 1 1
661 10 5176 0 1 1 1 1 1 0 1 1 1
662 10 5176 1 1 1 0 1 1 1 1 0 1
663 10 5176 0 1 0 1 1 1 1 1 1 1
664 10 5176 1 1 0 1 1 1 0 1 1 1
665 10 5176 1 1 1 0 1 1 1 1 0 1
666 10 5176 1 1 1 0 1 1 1 1 1 0
667 10 5176 1 1 1 1 1 0 1 1 0 1
668 10 5176 1 1 1 1 0 1 1 0 1 1
669 10 5176 1 1 1 0 1 1 0 1 1 1
670 10 5176 1 0 1 0 1 1 1 1 1 1
671 10 5176 1 1 0 1 1 1 1 1 1 0
672 10 5176 1 1 0 1 1 1 0 1 1 1
673 10 5176 1 1 0 1 1 1 1 1 0 1
674 10 5176 1 1 0 1 1 0 1 1 1 1
675 10 5176 1 1 1 1 0 1 1 1 1 0
676 10 5176 1 1 1 1 0 0 1 1 1 1
677 10 5176 1 0 1 0 1 1 1 1 1 1
678 10 5176 1 1 1 1 0 1 1 0 1 1
679 10 5176 1 1 1 1 1 0 1 0 1 1
680 10 5176 1 1 1 1 1 1 1 0 0 1
681 10 5176 0 1 1 1 1 0 1 1 1 1
682 10 5176 1 1 1 1 1 0 0 1 1 1
683 10 5176 0 1 1 1 1 1 1 1 0 1
684 10 5176 1 0 1 1 1 1 1 1 0 1
685 10 5176 1 1 1 1 0 1 1 1 1 0
686 10 5176 1 1 0 1 1 1 1 1 1 0
687 10 5176 1 1 0 0 1 1 1 1 1 1
688 10 5176 1 1 1 1 1 0 0 1 1 1
689 10 5176 1 1 1 1 1 0 0 1 1 1
690 10 5176 1 1 1 1 1 1 0 0 1 1
691 10 5176 0 1 1 1 0 1 1 1 1 1
692 10 5176 1 1 1 1 0 1 1 1 0 1
693 10 5176 1 1 1 0 1 1 1 0 1 1
694 10 5176 1 1 0 1 1 1 0 1 1 1
695 10 5176 1 1 1 1 0 1 1 0 1 1
696 10 5176 1 1 1 1 1 1 1 0 0 1
697 10 5176 1 1 0 1 0 1 1 1 1 1
698 10 5176 1 1 1 1 1 1 0 0 1 1
699 10 5176 1 0 1 1 1 1 1 0 1 1
700 10 5176 1 1 1 0 1 0 1 1 1 1
701 10 5176 0 1 0 1 1 1 1 1 1 1
702 10 5176 0 1 1 0 1 1 1 1 1 1
703 10 5176 1 1 1 1 1 1 0 1 0 1
704 10 5176 1 1 1 0 1 0 1 1 1 1
705 10 5176 1 1 1 0 1 1 1 0 1 1
706 10 5176 0 1 1 1 1 0 1 1 1 1
707 10 5176 1 0 0 1 1 1 1 1 1 1
708 10 5176 1 0 1 1 0 1 1 1 1 1
709 10 5176 1 0 1 1 1 0 1 1 1 1
710 10 5176 1 0 1 1 1 1 1 1 1 0
711 10 5176 0 1 1 1 0 1 1 1 1 1
712 10 5176 1 1 1 1 0 1 1 1 0 1
713 10 5176 1 1 1 1 1 1 0 1 0 1
714 10 5176 1 1 1 1 1 0 1 1 0 1
715 10 5176 1 0 1 1 1 1 1 0 1 1
716 10 5176 1 1 1 0 1 0 1 1 1 1
717 10 5176 1 0 1 0 1 1 1 1 1 1
718 10 5176 0 1 0 1 1 1 1 1 1 1
719 10 5176 1 0 1 1 1 1 0 1 1 1
720 10 5176 1 1 1 0 0 1 1 1 1 1
721 10 5176 1 1 1 1 0 0 1 1 1 1
722 10 5176 1 1 1 1 1 1 0 1 0 1
723 10 5176 1 1 1 1 1 0 1 1 0 1
724 10 5176 1 1 0 1 1 1 1 1 0 1
725 10 5176 1 0 1 1 1 1 1 1 0 1
726 10 5176 1 0 1 1 1 0 1 1 1 1
727 10 5176 1 1 1 0 0 1 1 1 1 1
728 10 5176 1 1 1 0 1 1 1 1 0 1
729 10 5176 0 1 1 1 1 1 1 1 1 0
730 10 5176 1 0 0 1 1 1 1 1 1 1
731 10 5176 0 1 1 1 1 1 0 1 1 1
732 10 5176 1 0 1 1 1 1 1 1 1 0
733 10 5176 0 1 0 1 1 1 1 1 1 1
734 10 5176 1 1 1 0 1 1 1 1 0 1
735 10 5176 1 1 1 1 1 1 1 0 0 1
736 10 5176 1 1 1 1 1 1 0 1 1 0
737 10 5176 1 1 1 0 1 1 1 1 1 0
738 10 5176 1 1 1 1 1 1 1 1 0 0
739 10 5176 1 1 0 1 1 1 1 1 1 0
740 10 5176 0 1 1 1 1 0 1 1 1 1
741 10 5176 0 1 1 0 1 1 1 1 1 1
742 10 5176 1 0 1 1 1 1 0 1 1 1
743 10 5176 1 1 1 1 1 0 1 1 0 1
744 10 5176 1 1 1 0 1 1 0 1 1 1
745 10 5176 1 1 1 0 1 1 0 1 1 1
746 10 5176 1 0 1 1 1 1 1 1 1 0
747 10 5176 1 1 1 1 1 0 1 1 1 0
748 10 5176 1 1 1 1 0 1 0 1 1 1
749 10 5176 1 1 1 1 1 1 0 1 0 1
750 10 5176 1 0 1 1 1 0 1 1 1 1
751 10 5176 1 1 1 1 1 0 0 1 1 1
752 10 5176 1 1 0 1 0 1 1 1 1 1
753 10 5176 0 1 0 1 1 1 1 1 1 1
754 10 5176 1 1 1 1 1 0 1 0 1 1
755 10 5176 1 0 1 1 1 1 1 1 0 1
756 10 5176 1 0 1 1 1 0 1 1 1 1
757 10 5176 1 1 1 0 1 0 1 1 1 1
758 10 5176 0 1 1 0 1 1 1 1 1 1
759 10 5176 1 0 1 1 1 1 0 1 1 1
760 10 5176 1 1 1 0 1 1 1 1 1 0
761 10 5176 1 0 1 1 1 1 1 1 1 0
762 10 5176 0 1 1 1 1 0 1 1 1 1
763 10 5176 1 0 1 1 1 0 1 1 1 1
764 10 5176 1 0 1 1 1 0 1 1 1 1
765 10 5176 1 1 0 1 1 1 1 0 1 1
766 10 5176 1 1 1 1 1 1 0 0 1 1
767 10 5176 1 1 1 0 1 1 1 0 1 1
768 10 5176 1 0 1 1 0 1 1 1 1 1
769 10 5176 1 1 0 1 1 1 0 1 1 1
770 10 5176 1 1 1 1 1 1 1 1 0 0
771 10 5176 1 1 1 1 1 0 1 1 1 0
772 10 5176 1 1 1 0 1 1 1 1 1 0
773 10 5176 0 1 1 1 0 1 1 1 1 1
774 10 5176 1 1 1 1 0 1 1 0 1 1
775 10 5176 1 1 1 1 0 0 1 1 1 1
776 10 5176 1 1 1 1 1 0 1 0 1 1
777 10 5176 1 1 1 0 1 0 1 1 1 1
778 10 5176 0 1 1 1 0 1 1 1 1 1
779 10 5176 1 1 1 1 1 1 1 1 0 0
780 10 5176 1 1 1 0 0 1 1 1 1 1
781 10 5176 0 0 1 1 1 1 1 1 1 1
782 10 5176 1 1 1 1 1 1 0 1 1 0
783 10 5176 1 1 1 1 1 1 1 0 0 1
784 10 5176 1 1 1 0 1 0 1 1 1 1
785 10 5176 1 1 1 0 1 0 1 1 1 1
786 10 5176 1 1 1 1 0 1 1 1 0 1
787 10 5176 0 1 1 1 0 1 1 1 1 1
788 10 5176 0 1 1 1 1 1 1 0 1 1
789 10 5176 1 1 0 1 0 1 1 1 1 1
790 10 5176 0 1 0 1 1 1 1 1 1 1
791 10 5176 1 1 1 0 1 1 0 1 1 1
792 10 5176 1 1 1 1 1 0 1 0 1 1
793 10 5176 0 1 1 1 1 1 1 1 0 1
794 10 5176 1 0 1 1 1 1 1 1 0 1
795 10 5176 1 0 1 1 1 1 0 1 1 1
796 10 5176 1 0 1 1 1 1 1 1 0 1
797 10 5176 1 0 1 1 1 1 1 1 0 1
798 10 5176 1 1 1 1 1 0 1 0 1 1
799 10 5176 1 1 1 1 0 1 1 0 1 1
800 10 5176 1 1 1 1 0 1 0 1 1 1
801 10 5176 1 0 1 1 1 1 1 1 0 1
802 10 5176 1 1 1 1 1 0 1 1 0 1
803 10 5176 0 1 1 1 1 1 0 1 1 1
804 10 5176 1 1 1 1 1 0 1 1 0 1
805 10 5176 1 1 1 1 1 0 1 1 1 0
806 10 5176 1 0 1 1 1 0 1 1 1 1
807 10 5176 1 1 1 1 0 1 1 0 1 1
808 10 5176 1 0 1 1 1 1 0 1 1 1
809 10 5176 1 0 1 1 1 1 0 1 1 1
810 10 5176 1 1 0 1 1 0 1 1 1 1
811 10 5176 1 1 1 1 1 0 1 0 1 1
812 10 5176 1 1 0 1 0 1 1 1 1 1
813 10 5176 1 1 1 0 1 0 1 1 1 1
814 10 5176 1 1 1 1 1 1 1 0 1 0
815 10 5176 1 1 1 1 1 1 0 0 1 1
816 10 5176 1 1 1 1 0 1 0 1 1 1
817 10 5176 0 1 1 1 1 1 1 1 1 0
818 10 5176 0 1 1 1 1 1 1 0 1 1
819 10 5176 0 1 1 1 1 1 0 1 1 1
820 10 5176 1 0 0 1 1 1 1 1 1 1
821 10 5176 0 1 0 1 1 1 1 1 1 1
822 10 5176 0 0 1 1 1 1 1 1 1 1
823 10 5176 1 1 1 1 0 1 0 1 1 1
824 10 5176 1 1 1 0 1 1 0 1 1 1
825 10 5176 0 1 1 1 0 1 1 1 1 1
826 10 5176 1 0 1 1 1 1 1 0 1 1
827 10 5176 1 0 1 1 1 1 1 1 0 1
828 10 5176 1 1 1 1 1 0 1 1 0 1
829 10 5176 1 1 1 1 1 1 1 0 0 1
830 10 5176 1 1 1 1 1 1 0 1 0 1
831 10 5176 1 1 1 1 1 0 1 1 0 1
832 10 5176 0 1 1 1 0 1 1 1 1 1
833 10 5176 1 1 1 1 1 1 0 1 0 1
834 10 5176 1 1 0 1 1 1 0 1 1 1
835 10 5176 1 1 0 0 1 1 1 1 1 1
836 10 5176 0 1 1 0 1 1 1 1 1 1
837 10 5176 1 1 1 1 1 1 1 1 0 0
838 10 5176 0 1 1 1 1 0 1 1 1 1
839 10 5176 1 0 1 1 1 0 1 1 1 1
840 10 5176 0 0 1 1 1 1 1 1 1 1
841 10 5176 0 1 1 1 1 1 1 1 1 0
842 10 5176 1 1 0 1 1 1 0 1 1 1
843 10 5176 0 1 1 0 1 1 1 1 1 1
844 10 5176 1 0 1 1 1 1 1 0 1 1
845 10 5176 0 1 1 0 1 1 1 1 1 1
846 10 5176 0 1 1 1 1 1 1 0 1 1
847 10 5176 0 1 1 1 1 1 1 1 0 1
848 10 5176 1 1 1 0 1 0 1 1 1 1
849 10 5176 1 1 1 1 1 1 0 0 1 1
850 10 5176 1 1 1 0 0 1 1 1 1 1
851 10 5176 1 1 1 1 1 0 0 1 1 1
852 10 5176 0 1 1 1 1 1 0 1 1 1
853 10 5176 1 0 1 1 1 1 1 0 1 1
854 10 5176 1 1 0 1 1 1 0 1 1 1
855 10 5176 1 1 0 1 1 1 1 1 0 1
856 10 5176 0 1 1 1 1 0 1 1 1 1
857 10 5176 1 1 1 0 1 1 1 0 1 1
858 10 5176 0 0 1 1 1 1 1 1 1 1
859 10 5176 1 0 1 1 1 1 0 1 1 1
860 10 5176 1 0 1 0 1 1 1 1 1 1
861 10 5176 1 1 0 1 1 1 0 1 1 1
862 10 5176 1 0 1 0 1 1 1 1 1 1
863 10 5176 0 1 1 1 1 1 1 1 0 1
864 10 5176 1 1 1 1 0 1 0 1 1 1
865 10 5176 1 1 1 1 1 0 1 0 1 1
866 10 5176 1 1 1 1 1 1 1 0 1 0
867 10 5176 1 1 0 1 1 1 0 1 1 1
868 10 5176 0 1 1 1 1 0 1 1 1 1
869 10 5176 1 0 1 1 1 0 1 1 1 1
870 10 5176 1 0 1 1 1 1 1 0 1 1
871 10 5176 1 0 1 1 1 0 1 1 1 1
872 10 5176 1 0 0 1 1 1 1 1 1 1
873 10 5176 1 1 1 1 1 0 0 1 1 1
874 10 5176 1 1 0 1 1 1 1 0 1 1
875 10 5176 0 1 1 0 1 1 1 1 1 1
876 10 5176 1 1 1 1 1 0 1 1 1 0
877 10 5176 1 1 0 1 1 1 0 1 1 1
878 10 5176 1 1 1 1 0 1 1 1 0 1
879 10 5176 1 1 1 0 1 1 1 1 0 1
880 10 5176 1 1 1 0 1 1 1 0 1 1
881 10 5176 1 1 0 0 1 1 1 1 1 1
882 10 5176 1 1 0 1 1 0 1 1 1 1
883 10 5176 1 1 1 1 0 1 1 1 0 1
884 10 5176 1 1 1 1 1 0 1 0 1 1
885 10 5176 0 1 1 1 0 1 1 1 1 1
886 10 5176 1 1 1 1 0 1 1 0 1 1
887 10 5176 1 1 1 0 1 1 1 0 1 1
888 10 5176 1 1 1 1 0 1 0 1 1 1
889 10 5176 1 1 1 1 1 0 1 1 1 0
890 10 5176 1 0 1 1 1 1 1 1 1 0
891 10 5176 1 1 1 1 1 1 0 0 1 1
892 10 5176 1 1 0 1 1 1 1 0 1 1
893 10 5176 1 0 1 1 1 0 1 1 1 1
894 10 5176 1 1 1 1 1 1 0 1 0 1
895 10 5176 1 1 1 1 1 0 0 1 1 1
896 10 5176 0 1 1 1 0 1 1 1 1 1
897 10 5176 1 0 1 1 1 0 1 1 1 1
898 10 5176 1 1 1 1 1 0 1 1 1 0
899 10 5176 1 1 1 1 0 1 1 1 1 0
900 10 5176 1 1 1 0 1 1 1 1 0 1
901 10 5176 1 1 1 1 1 1 1 0 1 0
902 10 5176 0 1 1 0 1 1 1 1 1 1
903 10 5176 1 1 1 1 1 0 1 0 1 1
904 10 5176 1 1 1 0 1 1 1 1 1 0
905 10 5176 0 1 1 1 1 1 0 1 1 1
906 10 5176 1 1 1 1 1 0 0 1 1 1
907 10 5176 1 1 1 1 0 1 1 1 0 1
908 10 5176 1 1 1 1 0 1 1 1 0 1
909 10 5176 1 1 1 1 1 1 1 0 0 1
910 10 5176 1 1 0 1 1 1 1 1 1 0
911 10 5176 1 1 1 1 0 1 1 1 0 1
912 10 5176 0 1 1 1 1 1 1 1 0 1
913 10 5176 1 1 1 1 0 1 1 1 1 0
914 10 5176 1 1 1 0 1 0 1 1 1 1
915 10 5176 1 1 0 1 1 1 1 1 0 1
916 10 5176 1 1 1 1 1 0 1 1 1 0
917 10 5176 1 1 0 1 1 1 1 0 1 1
918 10 5176 1 1 1 1 1 0 1 1 1 0
919 10 5176 1 1 1 1 1 0 1 0 1 1
920 10 5176 0 1 1 1 1 1 1 1 0 1
921 10 5176 0 1 1 1 1 0 1 1 1 1
922 10 5176 1 1 0 1 1 1 1 0 1 1
923 10 5176 0 1 1 1 0 1 1 1 1 1
924 10 5176 1 1 1 0 1 1 1 1 1 0
925 10 5176 1 1 0 0 1 1 1 1 1 1
926 10 5176 1 1 1 1 1 1 0 0 1 1
927 10 5176 1 1 1 0 0 1 1 1 1 1
928 10 5176 0 1 1 1 1 0 1 1 1 1
929 10 5176 1 1 1 1 1 1 1 1 0 0
930 10 5176 1 1 1 1 1 1 1 0 0 1
931 10 5176 1 1 1 0 1 1 1 0 1 1
932 10 5176 1 0 1 1 1 1 0 1 1 1
933 10 5176 1 0 1 1 1 1 0 1 1 1
934 10 5176 1 1 1 1 1 0 0 1 1 1
935 10 5176 0 1 0 1 1 1 1 1 1 1
936 10 5176 0 1 1 1 1 1 1 1 0 1
937 10 5176 0 1 1 0 1 1 1 1 1 1
938 10 5176 1 1 1 1 1 1 0 1 1 0
939 10 5176 0 1 1 1 1 1 1 1 0 1
940 10 5176 1 1 1 0 1 1 1 1 1 0
941 10 5176 0 1 1 1 1 1 0 1 1 1
942 10 5176 1 1 1 0 1 1 0 1 1 1
943 10 5176 1 1 1 1 0 1 1 1 0 1
944 10 5176 1 1 1 0 1 1 1 1 0 1
945 10 5176 1 1 1 0 1 0 1 1 1 1
946 10 5176 1 1 1 1 1 0 1 1 1 0
947 10 5176 1 1 1 1 1 1 0 1 1 0
948 10 5176 1 1 1 0 1 1 1 1 0 1
949 10 5176 1 1 0 1 0 1 1 1 1 1
950 10 5176 1 1 0 1 1 1 1 0 1 1
951 10 5176 1 1 1 1 1 0 1 1 1 0
952 10 5176 1 1 1 0 1 1 0 1 1 1
953 10 5176 1 1 0 0 1 1 1 1 1 1
954 10 5176 1 1 1 1 1 1 0 0 1 1
955 10 5176 0 1 0 1 1 1 1 1 1 1
956 10 5176 1 1 1 0 0 1 1 1 1 1
957 10 5176 1 0 0 1 1 1 1 1 1 1
958 10 5176 1 1 0 0 1 1 1 1 1 1
959 10 5176 1 0 1 0 1 1 1 1 1 1
960 10 5176 1 1 1 1 1 1 0 0 1 1
961 10 5176 1 1 1 1 1 0 1 1 1 0
962 10 5176 1 1 1 1 1 0 1 1 1 0
963 10 5176 0 1 1 1 1 1 1 0 1 1
964 10 5176 1 1 0 0 1 1 1 1 1 1
965 10 5176 1 1 0 1 1 1 1 1 1 0
966 10 5176 1 1 0 1 1 1 1 1 0 1
967 10 5176 1 1 1 0 1 0 1 1 1 1
968 10 5176 0 1 1 1 1 1 1 0 1 1
969 10 5176 1 0 1 1 1 1 1 1 0 1
970 10 5176 1 1 1 1 1 1 0 0 1 1
971 10 5176 1 1 1 1 0 1 0 1 1 1
972 10 5176 1 1 1 1 1 1 0 1 0 1
973 10 5176 1 1 1 1 1 1 0 1 0 1
974 10 5176 0 1 1 0 1 1 1 1 1 1
975 10 5176 1 1 0 0 1 1 1 1 1 1
976 10 5176 0 1 1 1 1 1 1 1 0 1
977 10 5176 1 0 1 1 1 1 1 1 1 0
978 10 5176 1 1 1 1 0 1 1 0 1 1
979 10 5176 1 1 0 1 1 1 1 1 0 1
980 10 5176 1 1 1 1 1 1 1 1 0 0
981 10 5176 1 1 1 1 0 1 0 1 1 1
982 10 5176 0 0 1 1 1 1 1 1 1 1
983 10 5176 1 0 1 1 1 0 1 1 1 1
984 10 5176 1 1 1 0 1 1 0 1 1 1
985 10 5176 1 0 1 0 1 1 1 1 1 1
986 10 5176 1 0 1 1 0 1 1 1 1 1
987 10 5176 1 1 1 1 1 1 1 0 1 0
988 10 5176 0 1 1 1 0 1 1 1 1 1
989 10 5176 0 0 1 1 1 1 1 1 1 1
990 10 5176 1 1 1 1 1 1 1 0 0 1
991 10 5176 0 1 1 1 1 1 1 1 0 1
992 10 5176 0 1 1 1 1 1 1 1 0 1
993 10 5176 1 1 1 1 1 1 0 1 0 1
994 10 5176 0 1 1 1 1 1 1 1 1 0
995 10 5176 0 1 1 1 1 1 0 1 1 1
996 10 5176 1 1 1 1 1 1 0 1 0 1
997 10 5176 1 1 1 1 1 0 1 1 0 1
998 10 5176 0 0 1 1 1 1 1 1 1 1
999 10 5176 1 1 1 1 1 0 1 1 1 0
1000 10 5176 1 1 1 0 0 1 1 1 1 1
1001 10 5176 1 1 1 1 1 1 0 0 1 1
