1 10 3213 144 177 719 769 255 746 342 386 190 237 774 211 246 896 956 529 310 633 81 980
2 10 3213 719 769 255 746 956 529 310 633 774 211 342 386 144 177 190 237 246 896 81 980
3 10 3213 956 529 190 237 310 633 774 211 81 980 719 769 246 896 255 746 342 386 144 177
4 10 3213 956 529 144 177 190 237 255 746 774 211 310 633 342 386 719 769 246 896 81 980
5 10 3213 774 211 246 896 719 769 342 386 255 746 956 529 144 177 190 237 310 633 81 980
6 10 3213 81 980 719 769 342 386 956 529 255 746 310 633 774 211 190 237 144 177 246 896
7 10 3213 719 769 956 529 310 633 342 386 246 896 774 211 81 980 255 746 190 237 144 177
8 10 3213 774 211 81 980 255 746 956 529 144 177 190 237 719 769 310 633 342 386 246 896
9 10 3213 342 386 144 177 774 211 956 529 81 980 255 746 310 633 719 769 246 896 190 237
10 10 3213 956 529 144 177 774 211 246 896 310 633 81 980 190 237 342 386 719 769 255 746
11 10 3213 81 980 342 386 310 633 246 896 956 529 144 177 719 769 255 746 774 211 190 237
12 10 3213 81 980 255 746 774 211 956 529 310 633 246 896 144 177 719 769 342 386 190 237
13 10 3213 342 386 719 769 255 746 310 633 81 980 144 177 956 529 774 211 190 237 246 896
14 10 3213 342 386 190 237 81 980 310 633 144 177 246 896 719 769 774 211 255 746 956 529
15 10 3213 246 896 144 177 342 386 956 529 190 237 81 980 255 746 774 211 310 633 719 769
16 10 3213 255 746 246 896 310 633 719 769 190 237 144 177 81 980 342 386 956 529 774 211
17 10 3213 190 237 956 529 81 980 144 177 719 769 310 633 774 211 246 896 255 746 342 386
18 10 3213 255 746 190 237 144 177 81 980 342 386 956 529 774 211 719 769 310 633 246 896
19 10 3213 956 529 774 211 246 896 255 746 144 177 81 980 190 237 310 633 342 386 719 769
20 10 3213 774 211 719 769 246 896 255 746 310 633 190 237 956 529 144 177 342 386 81 980
21 10 3213 342 386 956 529 719 769 255 746 190 237 246 896 310 633 144 177 774 211 81 980
22 10 3213 255 746 81 980 342 386 190 237 719 769 774 211 144 177 956 529 310 633 246 896
23 10 3213 310 633 190 237 774 211 144 177 342 386 246 896 255 746 81 980 719 769 956 529
24 10 3213 255 746 774 211 190 237 956 529 81 980 342 386 246 896 144 177 310 633 719 769
25 10 3213 310 633 719 769 255 746 190 237 246 896 144 177 774 211 342 386 956 529 81 980
26 10 3213 144 177 246 896 956 529 255 746 81 980 310 633 190 237 774 211 719 769 342 386
27 10 3213 144 177 81 980 719 769 190 237 255 746 956 529 342 386 774 211 246 896 310 633
28 10 3213 144 177 246 896 310 633 719 769 774 211 255 746 956 529 190 237 81 980 342 386
29 10 3213 719 769 342 386 310 633 144 177 246 896 774 211 255 746 956 529 81 980 190 237
30 10 3213 310 633 246 896 81 980 190 237 719 769 342 386 255 746 144 177 956 529 774 211
31 10 3213 255 746 310 633 774 211 246 896 144 177 190 237 342 386 719 769 956 529 81 980
32 10 3213 310 633 81 980 774 211 342 386 719 769 956 529 255 746 246 896 144 177 190 237
33 10 3213 310 633 774 211 190 237 719 769 255 746 956 529 81 980 342 386 246 896 144 177
34 10 3213 719 769 255 746 342 386 144 177 190 237 246 896 81 980 774 211 956 529 310 633
35 10 3213 81 980 246 896 144 177 774 211 956 529 255 746 342 386 719 769 190 237 310 633
36 10 3213 144 177 255 746 310 633 774 211 81 980 719 769 190 237 342 386 956 529 246 896
37 10 3213 774 211 255 746 190 237 956 529 246 896 342 386 719 769 310 633 144 177 81 980
38 10 3213 144 177 190 237 246 896 255 746 956 529 719 769 81 980 310 633 774 211 342 386
39 10 3213 190 237 342 386 719 769 246 896 310 633 255 746 956 529 81 980 144 177 774 211
40 10 3213 310 633 144 177 956 529 81 980 246 896 774 211 719 769 190 237 255 746 342 386
41 10 3213 342 386 310 633 81 980 190 237 719 769 774 211 255 746 144 177 956 529 246 896
42 10 3213 774 211 719 769 342 386 190 237 144 177 310 633 956 529 246 896 81 980 255 746
43 10 3213 144 177 190 237 255 746 342 386 81 980 956 529 246 896 310 633 774 211 719 769
44 10 3213 190 237 246 896 144 177 255 746 310 633 719 769 81 980 774 211 956 529 342 386
45 10 3213 774 211 310 633 81 980 342 386 719 769 255 746 956 529 246 896 144 177 190 237
46 10 3213 956 529 190 237 719 769 246 896 342 386 81 980 255 746 774 211 310 633 144 177
47 10 3213 246 896 342 386 719 769 255 746 956 529 774 211 81 980 144 177 310 633 190 237
48 10 3213 342 386 144 177 81 980 190 237 774 211 310 633 956 529 246 896 719 769 255 746
49 10 3213 144 177 255 746 774 211 342 386 190 237 719 769 310 633 956 529 81 980 246 896
50 10 3213 956 529 246 896 255 746 774 211 190 237 342 386 144 177 81 980 310 633 719 769
51 10 3213 81 980 144 177 310 633 246 896 956 529 190 237 255 746 774 211 342 386 719 769
52 10 3213 956 529 81 980 719 769 342 386 190 237 255 746 310 633 246 896 144 177 774 211
53 10 3213 956 529 774 211 81 980 246 896 342 386 310 633 190 237 255 746 719 769 144 177
54 10 3213 342 386 956 529 144 177 774 211 255 746 310 633 190 237 81 980 246 896 719 769
55 10 3213 956 529 81 980 719 769 144 177 342 386 246 896 310 633 255 746 774 211 190 237
56 10 3213 956 529 190 237 81 980 719 769 255 746 144 177 342 386 246 896 310 633 774 211
57 10 3213 190 237 310 633 81 980 246 896 342 386 774 211 719 769 144 177 255 746 956 529
58 10 3213 342 386 246 896 255 746 190 237 774 211 310 633 81 980 144 177 719 769 956 529
59 10 3213 719 769 342 386 246 896 144 177 255 746 956 529 310 633 190 237 81 980 774 211
60 10 3213 81 980 342 386 719 769 956 529 774 211 255 746 190 237 144 177 310 633 246 896
61 10 3213 342 386 255 746 81 980 956 529 246 896 190 237 774 211 310 633 719 769 144 177
62 10 3213 190 237 81 980 144 177 719 769 246 896 255 746 956 529 774 211 310 633 342 386
63 10 3213 342 386 310 633 144 177 956 529 719 769 246 896 81 980 255 746 190 237 774 211
64 10 3213 719 769 774 211 246 896 190 237 310 633 81 980 144 177 956 529 255 746 342 386
65 10 3213 81 980 774 211 719 769 190 237 255 746 246 896 310 633 144 177 956 529 342 386
66 10 3213 310 633 774 211 246 896 342 386 190 237 255 746 956 529 719 769 144 177 81 980
67 10 3213 956 529 719 769 246 896 255 746 190 237 81 980 310 633 342 386 774 211 144 177
68 10 3213 342 386 190 237 774 211 81 980 310 633 144 177 246 896 719 769 255 746 956 529
69 10 3213 81 980 144 177 956 529 342 386 719 769 255 746 190 237 774 211 310 633 246 896
70 10 3213 310 633 719 769 246 896 774 211 81 980 144 177 956 529 342 386 255 746 190 237
71 10 3213 190 237 342 386 956 529 719 769 144 177 246 896 255 746 774 211 310 633 81 980
72 10 3213 81 980 719 769 246 896 774 211 956 529 310 633 342 386 144 177 255 746 190 237
73 10 3213 246 896 81 980 144 177 719 769 255 746 190 237 342 386 956 529 310 633 774 211
74 10 3213 342 386 719 769 190 237 956 529 774 211 310 633 81 980 144 177 246 896 255 746
75 10 3213 956 529 774 211 719 769 81 980 255 746 342 386 310 633 190 237 246 896 144 177
76 10 3213 774 211 310 633 342 386 81 980 255 746 956 529 190 237 144 177 246 896 719 769
77 10 3213 310 633 342 386 144 177 774 211 190 237 81 980 956 529 255 746 246 896 719 769
78 10 3213 719 769 81 980 310 633 190 237 342 386 956 529 246 896 255 746 774 211 144 177
79 10 3213 774 211 144 177 81 980 342 386 719 769 956 529 255 746 310 633 190 237 246 896
80 10 3213 342 386 719 769 956 529 144 177 81 980 774 211 190 237 255 746 246 896 310 633
81 10 3213 255 746 81 980 342 386 719 769 144 177 774 211 956 529 246 896 190 237 310 633
82 10 3213 956 529 246 896 190 237 144 177 719 769 81 980 342 386 774 211 310 633 255 746
83 10 3213 310 633 342 386 246 896 190 237 144 177 719 769 255 746 81 980 774 211 956 529
84 10 3213 144 177 255 746 956 529 310 633 719 769 190 237 81 980 246 896 342 386 774 211
85 10 3213 719 769 310 633 255 746 342 386 144 177 246 896 956 529 774 211 81 980 190 237
86 10 3213 310 633 956 529 774 211 255 746 144 177 81 980 246 896 190 237 719 769 342 386
87 10 3213 310 633 144 177 774 211 719 769 342 386 246 896 190 237 255 746 81 980 956 529
88 10 3213 81 980 956 529 310 633 342 386 246 896 255 746 774 211 719 769 144 177 190 237
89 10 3213 342 386 81 980 774 211 246 896 310 633 956 529 190 237 255 746 719 769 144 177
90 10 3213 956 529 342 386 144 177 719 769 310 633 246 896 255 746 774 211 81 980 190 237
91 10 3213 255 746 719 769 342 386 310 633 81 980 774 211 190 237 246 896 956 529 144 177
92 10 3213 774 211 956 529 144 177 255 746 81 980 342 386 719 769 246 896 190 237 310 633
93 10 3213 255 746 144 177 342 386 310 633 719 769 190 237 956 529 774 211 81 980 246 896
94 10 3213 342 386 144 177 774 211 255 746 246 896 190 237 81 980 956 529 719 769 310 633
95 10 3213 144 177 190 237 719 769 956 529 81 980 342 386 246 896 255 746 774 211 310 633
96 10 3213 190 237 719 769 774 211 81 980 310 633 342 386 956 529 144 177 246 896 255 746
97 10 3213 81 980 956 529 342 386 774 211 190 237 255 746 144 177 719 769 310 633 246 896
98 10 3213 81 980 190 237 719 769 246 896 144 177 774 211 342 386 956 529 310 633 255 746
99 10 3213 255 746 190 237 342 386 144 177 956 529 246 896 774 211 719 769 81 980 310 633
100 10 3213 342 386 144 177 719 769 774 211 956 529 190 237 310 633 246 896 255 746 81 980
101 10 3213 342 386 190 237 774 211 81 980 255 746 719 769 956 529 144 177 246 896 310 633
102 10 3213 719 769 310 633 774 211 342 386 255 746 81 980 190 237 246 896 144 177 956 529
103 10 3213 774 211 255 746 342 386 190 237 956 529 246 896 310 633 719 769 144 177 81 980
104 10 3213 719 769 81 980 310 633 144 177 255 746 956 529 246 896 190 237 342 386 774 211
105 10 3213 144 177 190 237 255 746 81 980 956 529 719 769 310 633 342 386 774 211 246 896
106 10 3213 255 746 719 769 310 633 774 211 190 237 144 177 81 980 246 896 956 529 342 386
107 10 3213 956 529 190 237 719 769 255 746 246 896 774 211 310 633 342 386 81 980 144 177
108 10 3213 255 746 774 211 190 237 310 633 81 980 956 529 144 177 719 769 342 386 246 896
109 10 3213 246 896 774 211 144 177 255 746 190 237 81 980 719 769 310 633 956 529 342 386
110 10 3213 255 746 342 386 81 980 719 769 310 633 144 177 246 896 956 529 774 211 190 237
111 10 3213 774 211 144 177 310 633 81 980 246 896 190 237 342 386 956 529 719 769 255 746
112 10 3213 342 386 144 177 956 529 190 237 246 896 774 211 255 746 719 769 310 633 81 980
113 10 3213 81 980 310 633 246 896 342 386 255 746 774 211 144 177 956 529 190 237 719 769
114 10 3213 310 633 144 177 246 896 255 746 342 386 774 211 190 237 719 769 956 529 81 980
115 10 3213 310 633 144 177 81 980 956 529 255 746 190 237 774 211 342 386 719 769 246 896
116 10 3213 255 746 81 980 246 896 144 177 956 529 310 633 774 211 719 769 190 237 342 386
117 10 3213 956 529 310 633 81 980 144 177 342 386 255 746 719 769 774 211 246 896 190 237
118 10 3213 774 211 81 980 246 896 310 633 255 746 956 529 190 237 144 177 342 386 719 769
119 10 3213 246 896 144 177 956 529 342 386 190 237 255 746 310 633 774 211 81 980 719 769
120 10 3213 255 746 246 896 144 177 310 633 719 769 190 237 774 211 81 980 956 529 342 386
121 10 3213 144 177 310 633 190 237 255 746 774 211 342 386 246 896 956 529 719 769 81 980
122 10 3213 255 746 719 769 342 386 190 237 956 529 144 177 81 980 310 633 774 211 246 896
123 10 3213 774 211 956 529 190 237 81 980 255 746 719 769 342 386 246 896 310 633 144 177
124 10 3213 956 529 255 746 190 237 719 769 144 177 246 896 310 633 81 980 342 386 774 211
125 10 3213 144 177 774 211 310 633 719 769 342 386 246 896 190 237 81 980 255 746 956 529
126 10 3213 774 211 190 237 719 769 255 746 81 980 956 529 246 896 310 633 342 386 144 177
127 10 3213 190 237 144 177 774 211 255 746 310 633 956 529 719 769 81 980 246 896 342 386
128 10 3213 342 386 956 529 719 769 144 177 246 896 774 211 190 237 310 633 81 980 255 746
129 10 3213 342 386 956 529 246 896 774 211 255 746 310 633 81 980 144 177 190 237 719 769
130 10 3213 190 237 956 529 255 746 81 980 342 386 719 769 144 177 310 633 774 211 246 896
131 10 3213 144 177 342 386 255 746 774 211 956 529 81 980 190 237 246 896 719 769 310 633
132 10 3213 774 211 719 769 190 237 956 529 310 633 81 980 255 746 144 177 246 896 342 386
133 10 3213 956 529 246 896 144 177 774 211 719 769 190 237 342 386 255 746 81 980 310 633
134 10 3213 774 211 246 896 81 980 719 769 144 177 342 386 190 237 956 529 255 746 310 633
135 10 3213 342 386 190 237 81 980 719 769 255 746 774 211 246 896 144 177 956 529 310 633
136 10 3213 246 896 255 746 310 633 719 769 81 980 190 237 144 177 956 529 342 386 774 211
137 10 3213 956 529 774 211 144 177 81 980 719 769 246 896 342 386 190 237 310 633 255 746
138 10 3213 246 896 81 980 310 633 190 237 144 177 342 386 719 769 774 211 255 746 956 529
139 10 3213 255 746 342 386 246 896 956 529 81 980 144 177 310 633 719 769 190 237 774 211
140 10 3213 719 769 774 211 956 529 342 386 246 896 255 746 190 237 81 980 310 633 144 177
141 10 3213 246 896 956 529 774 211 310 633 342 386 144 177 719 769 190 237 81 980 255 746
142 10 3213 190 237 774 211 81 980 310 633 342 386 246 896 719 769 956 529 144 177 255 746
143 10 3213 342 386 246 896 956 529 310 633 774 211 255 746 190 237 81 980 144 177 719 769
144 10 3213 190 237 255 746 246 896 956 529 719 769 774 211 310 633 81 980 342 386 144 177
145 10 3213 719 769 144 177 190 237 246 896 342 386 774 211 81 980 956 529 255 746 310 633
146 10 3213 190 237 310 633 144 177 774 211 342 386 719 769 956 529 255 746 246 896 81 980
147 10 3213 774 211 310 633 81 980 719 769 255 746 246 896 144 177 956 529 342 386 190 237
148 10 3213 190 237 144 177 342 386 310 633 81 980 719 769 255 746 246 896 774 211 956 529
149 10 3213 342 386 144 177 246 896 719 769 81 980 255 746 774 211 190 237 310 633 956 529
150 10 3213 81 980 255 746 774 211 246 896 190 237 719 769 310 633 342 386 956 529 144 177
151 10 3213 255 746 774 211 719 769 246 896 342 386 310 633 956 529 144 177 190 237 81 980
152 10 3213 342 386 144 177 719 769 774 211 246 896 255 746 81 980 956 529 190 237 310 633
153 10 3213 719 769 246 896 342 386 255 746 81 980 956 529 310 633 774 211 190 237 144 177
154 10 3213 719 769 310 633 81 980 144 177 255 746 956 529 774 211 246 896 190 237 342 386
155 10 3213 774 211 956 529 255 746 310 633 81 980 719 769 190 237 144 177 246 896 342 386
156 10 3213 310 633 246 896 190 237 719 769 144 177 81 980 774 211 255 746 956 529 342 386
157 10 3213 190 237 255 746 310 633 144 177 246 896 774 211 81 980 719 769 342 386 956 529
158 10 3213 342 386 144 177 190 237 719 769 246 896 956 529 81 980 255 746 310 633 774 211
159 10 3213 956 529 719 769 342 386 246 896 144 177 774 211 81 980 255 746 310 633 190 237
160 10 3213 81 980 144 177 342 386 255 746 956 529 190 237 310 633 246 896 719 769 774 211
161 10 3213 342 386 246 896 144 177 310 633 190 237 956 529 81 980 255 746 774 211 719 769
162 10 3213 190 237 719 769 81 980 255 746 342 386 310 633 774 211 144 177 956 529 246 896
163 10 3213 342 386 310 633 719 769 81 980 190 237 956 529 255 746 774 211 246 896 144 177
164 10 3213 144 177 956 529 246 896 255 746 774 211 719 769 81 980 342 386 190 237 310 633
165 10 3213 342 386 956 529 310 633 774 211 190 237 246 896 81 980 255 746 719 769 144 177
166 10 3213 956 529 342 386 81 980 144 177 190 237 719 769 255 746 310 633 774 211 246 896
167 10 3213 310 633 956 529 144 177 255 746 246 896 719 769 342 386 190 237 774 211 81 980
168 10 3213 144 177 190 237 719 769 956 529 310 633 246 896 81 980 774 211 342 386 255 746
169 10 3213 144 177 719 769 956 529 190 237 81 980 255 746 246 896 342 386 774 211 310 633
170 10 3213 144 177 719 769 956 529 255 746 190 237 774 211 246 896 81 980 342 386 310 633
171 10 3213 255 746 310 633 190 237 144 177 774 211 956 529 246 896 342 386 81 980 719 769
172 10 3213 956 529 310 633 342 386 144 177 246 896 81 980 255 746 774 211 190 237 719 769
173 10 3213 719 769 774 211 956 529 246 896 144 177 255 746 310 633 342 386 190 237 81 980
174 10 3213 310 633 255 746 190 237 774 211 719 769 81 980 956 529 342 386 246 896 144 177
175 10 3213 255 746 310 633 956 529 81 980 719 769 246 896 342 386 144 177 774 211 190 237
176 10 3213 255 746 719 769 144 177 774 211 81 980 246 896 310 633 956 529 342 386 190 237
177 10 3213 144 177 81 980 342 386 246 896 774 211 310 633 190 237 956 529 255 746 719 769
178 10 3213 81 980 956 529 190 237 342 386 246 896 719 769 255 746 144 177 310 633 774 211
179 10 3213 144 177 719 769 81 980 774 211 342 386 255 746 246 896 956 529 310 633 190 237
180 10 3213 190 237 310 633 246 896 144 177 342 386 774 211 255 746 956 529 81 980 719 769
181 10 3213 342 386 719 769 956 529 246 896 144 177 81 980 255 746 774 211 310 633 190 237
182 10 3213 144 177 342 386 255 746 190 237 774 211 719 769 310 633 81 980 956 529 246 896
183 10 3213 190 237 342 386 956 529 255 746 719 769 144 177 81 980 310 633 774 211 246 896
184 10 3213 342 386 956 529 246 896 774 211 190 237 255 746 310 633 719 769 144 177 81 980
185 10 3213 310 633 81 980 190 237 255 746 342 386 719 769 246 896 956 529 144 177 774 211
186 10 3213 255 746 310 633 246 896 144 177 774 211 342 386 956 529 719 769 190 237 81 980
187 10 3213 342 386 144 177 310 633 956 529 255 746 81 980 190 237 719 769 774 211 246 896
188 10 3213 956 529 719 769 342 386 190 237 81 980 310 633 144 177 246 896 255 746 774 211
189 10 3213 956 529 774 211 81 980 255 746 310 633 190 237 719 769 144 177 246 896 342 386
190 10 3213 144 177 310 633 255 746 81 980 190 237 956 529 342 386 719 769 246 896 774 211
191 10 3213 774 211 246 896 719 769 144 177 81 980 342 386 190 237 956 529 255 746 310 633
192 10 3213 956 529 342 386 144 177 719 769 310 633 81 980 774 211 255 746 246 896 190 237
193 10 3213 719 769 81 980 342 386 190 237 255 746 246 896 956 529 774 211 144 177 310 633
194 10 3213 719 769 144 177 246 896 956 529 342 386 255 746 81 980 774 211 310 633 190 237
195 10 3213 956 529 719 769 246 896 342 386 255 746 81 980 144 177 190 237 774 211 310 633
196 10 3213 144 177 255 746 190 237 342 386 774 211 719 769 246 896 310 633 81 980 956 529
197 10 3213 144 177 719 769 310 633 342 386 190 237 246 896 956 529 81 980 774 211 255 746
198 10 3213 342 386 774 211 956 529 310 633 144 177 190 237 81 980 246 896 719 769 255 746
199 10 3213 255 746 719 769 81 980 190 237 774 211 342 386 246 896 310 633 144 177 956 529
200 10 3213 342 386 246 896 144 177 719 769 190 237 956 529 255 746 81 980 774 211 310 633
201 10 3213 81 980 774 211 144 177 190 237 956 529 342 386 310 633 255 746 719 769 246 896
202 10 3213 144 177 719 769 81 980 342 386 956 529 255 746 774 211 246 896 190 237 310 633
203 10 3213 246 896 774 211 81 980 342 386 255 746 144 177 310 633 190 237 956 529 719 769
204 10 3213 719 769 246 896 774 211 190 237 310 633 342 386 81 980 255 746 956 529 144 177
205 10 3213 310 633 342 386 81 980 246 896 255 746 144 177 774 211 719 769 190 237 956 529
206 10 3213 81 980 190 237 774 211 255 746 310 633 956 529 246 896 144 177 719 769 342 386
207 10 3213 144 177 342 386 255 746 719 769 190 237 956 529 81 980 246 896 310 633 774 211
208 10 3213 255 746 190 237 719 769 144 177 342 386 246 896 956 529 81 980 310 633 774 211
209 10 3213 342 386 255 746 719 769 774 211 144 177 246 896 956 529 190 237 81 980 310 633
210 10 3213 144 177 246 896 956 529 190 237 81 980 342 386 255 746 774 211 719 769 310 633
211 10 3213 190 237 342 386 719 769 956 529 310 633 774 211 81 980 255 746 144 177 246 896
212 10 3213 81 980 144 177 255 746 246 896 774 211 956 529 310 633 190 237 342 386 719 769
213 10 3213 342 386 246 896 719 769 190 237 255 746 144 177 956 529 774 211 81 980 310 633
214 10 3213 246 896 774 211 342 386 190 237 310 633 81 980 255 746 956 529 719 769 144 177
215 10 3213 342 386 774 211 190 237 719 769 246 896 956 529 310 633 255 746 144 177 81 980
216 10 3213 956 529 310 633 246 896 81 980 190 237 774 211 255 746 144 177 719 769 342 386
217 10 3213 342 386 310 633 956 529 719 769 81 980 774 211 144 177 246 896 190 237 255 746
218 10 3213 774 211 190 237 144 177 310 633 342 386 246 896 255 746 956 529 81 980 719 769
219 10 3213 956 529 246 896 255 746 144 177 81 980 774 211 342 386 310 633 190 237 719 769
220 10 3213 719 769 81 980 774 211 342 386 190 237 144 177 246 896 956 529 310 633 255 746
221 10 3213 190 237 310 633 81 980 774 211 342 386 246 896 255 746 719 769 956 529 144 177
222 10 3213 342 386 246 896 81 980 719 769 255 746 774 211 144 177 310 633 190 237 956 529
223 10 3213 81 980 190 237 255 746 246 896 342 386 144 177 310 633 774 211 719 769 956 529
224 10 3213 719 769 774 211 255 746 956 529 310 633 342 386 81 980 246 896 144 177 190 237
225 10 3213 719 769 246 896 310 633 144 177 81 980 255 746 190 237 956 529 342 386 774 211
226 10 3213 144 177 255 746 310 633 774 211 81 980 190 237 246 896 719 769 956 529 342 386
227 10 3213 774 211 342 386 255 746 144 177 190 237 81 980 956 529 246 896 310 633 719 769
228 10 3213 144 177 81 980 956 529 342 386 310 633 190 237 255 746 719 769 246 896 774 211
229 10 3213 190 237 310 633 246 896 81 980 144 177 342 386 956 529 255 746 719 769 774 211
230 10 3213 774 211 190 237 246 896 144 177 719 769 956 529 255 746 342 386 310 633 81 980
231 10 3213 81 980 246 896 719 769 342 386 774 211 144 177 255 746 956 529 310 633 190 237
232 10 3213 310 633 144 177 255 746 81 980 719 769 246 896 956 529 774 211 342 386 190 237
233 10 3213 956 529 255 746 719 769 81 980 310 633 144 177 342 386 190 237 774 211 246 896
234 10 3213 310 633 81 980 719 769 144 177 774 211 255 746 190 237 342 386 956 529 246 896
235 10 3213 774 211 81 980 719 769 246 896 342 386 310 633 956 529 190 237 144 177 255 746
236 10 3213 774 211 144 177 310 633 190 237 81 980 246 896 956 529 719 769 255 746 342 386
237 10 3213 246 896 310 633 144 177 956 529 81 980 255 746 719 769 190 237 774 211 342 386
238 10 3213 255 746 342 386 956 529 774 211 246 896 190 237 719 769 81 980 310 633 144 177
239 10 3213 81 980 310 633 255 746 956 529 342 386 190 237 719 769 246 896 774 211 144 177
240 10 3213 310 633 719 769 342 386 190 237 774 211 255 746 956 529 246 896 144 177 81 980
241 10 3213 255 746 342 386 246 896 310 633 956 529 81 980 774 211 144 177 719 769 190 237
242 10 3213 719 769 246 896 310 633 144 177 342 386 774 211 190 237 81 980 255 746 956 529
243 10 3213 144 177 719 769 246 896 956 529 190 237 310 633 342 386 81 980 774 211 255 746
244 10 3213 342 386 956 529 774 211 255 746 719 769 190 237 246 896 144 177 81 980 310 633
245 10 3213 719 769 956 529 81 980 342 386 774 211 310 633 246 896 144 177 255 746 190 237
246 10 3213 956 529 342 386 719 769 81 980 774 211 246 896 310 633 144 177 255 746 190 237
247 10 3213 255 746 342 386 246 896 81 980 774 211 190 237 956 529 719 769 144 177 310 633
248 10 3213 144 177 774 211 310 633 342 386 190 237 255 746 719 769 81 980 956 529 246 896
249 10 3213 144 177 719 769 956 529 774 211 255 746 246 896 190 237 310 633 342 386 81 980
250 10 3213 81 980 190 237 246 896 956 529 719 769 144 177 774 211 310 633 342 386 255 746
251 10 3213 342 386 144 177 956 529 81 980 774 211 190 237 246 896 719 769 255 746 310 633
252 10 3213 774 211 255 746 144 177 719 769 81 980 246 896 956 529 342 386 190 237 310 633
253 10 3213 190 237 246 896 81 980 719 769 144 177 774 211 956 529 342 386 310 633 255 746
254 10 3213 190 237 342 386 246 896 144 177 255 746 956 529 774 211 719 769 310 633 81 980
255 10 3213 255 746 719 769 144 177 342 386 190 237 956 529 81 980 310 633 774 211 246 896
256 10 3213 81 980 144 177 719 769 956 529 246 896 310 633 774 211 342 386 255 746 190 237
257 10 3213 190 237 246 896 81 980 774 211 719 769 255 746 956 529 144 177 310 633 342 386
258 10 3213 719 769 246 896 255 746 956 529 342 386 310 633 144 177 774 211 190 237 81 980
259 10 3213 774 211 310 633 255 746 246 896 81 980 144 177 342 386 719 769 956 529 190 237
260 10 3213 246 896 81 980 310 633 956 529 190 237 255 746 719 769 144 177 342 386 774 211
261 10 3213 342 386 81 980 310 633 190 237 774 211 255 746 144 177 246 896 719 769 956 529
262 10 3213 774 211 246 896 956 529 255 746 190 237 310 633 719 769 342 386 81 980 144 177
263 10 3213 342 386 956 529 190 237 255 746 310 633 81 980 774 211 719 769 144 177 246 896
264 10 3213 774 211 342 386 81 980 246 896 719 769 956 529 255 746 190 237 310 633 144 177
265 10 3213 310 633 81 980 342 386 956 529 719 769 190 237 255 746 144 177 774 211 246 896
266 10 3213 81 980 246 896 719 769 190 237 310 633 255 746 956 529 144 177 342 386 774 211
267 10 3213 956 529 190 237 144 177 342 386 255 746 719 769 246 896 310 633 774 211 81 980
268 10 3213 144 177 310 633 81 980 190 237 956 529 342 386 774 211 719 769 255 746 246 896
269 10 3213 310 633 774 211 342 386 719 769 190 237 81 980 255 746 246 896 144 177 956 529
270 10 3213 190 237 342 386 81 980 144 177 774 211 310 633 255 746 246 896 956 529 719 769
271 10 3213 255 746 81 980 246 896 190 237 144 177 310 633 719 769 774 211 956 529 342 386
272 10 3213 310 633 246 896 774 211 81 980 342 386 956 529 255 746 190 237 144 177 719 769
273 10 3213 255 746 956 529 774 211 719 769 190 237 81 980 144 177 246 896 342 386 310 633
274 10 3213 190 237 342 386 144 177 310 633 81 980 956 529 255 746 719 769 246 896 774 211
275 10 3213 310 633 342 386 246 896 190 237 255 746 719 769 144 177 956 529 81 980 774 211
276 10 3213 255 746 81 980 310 633 144 177 774 211 719 769 246 896 342 386 956 529 190 237
277 10 3213 310 633 144 177 255 746 719 769 81 980 774 211 956 529 246 896 190 237 342 386
278 10 3213 144 177 81 980 956 529 342 386 719 769 774 211 255 746 246 896 190 237 310 633
279 10 3213 342 386 774 211 956 529 81 980 144 177 310 633 255 746 719 769 190 237 246 896
280 10 3213 310 633 342 386 774 211 246 896 956 529 144 177 81 980 255 746 190 237 719 769
281 10 3213 310 633 190 237 144 177 774 211 255 746 81 980 246 896 342 386 719 769 956 529
282 10 3213 190 237 719 769 310 633 246 896 342 386 255 746 144 177 81 980 774 211 956 529
283 10 3213 342 386 310 633 190 237 774 211 81 980 246 896 719 769 956 529 255 746 144 177
284 10 3213 342 386 81 980 190 237 310 633 719 769 246 896 144 177 774 211 956 529 255 746
285 10 3213 144 177 342 386 310 633 190 237 81 980 255 746 956 529 246 896 719 769 774 211
286 10 3213 719 769 342 386 310 633 774 211 255 746 144 177 190 237 246 896 956 529 81 980
287 10 3213 255 746 774 211 342 386 719 769 310 633 190 237 246 896 956 529 144 177 81 980
288 10 3213 81 980 956 529 342 386 774 211 190 237 246 896 144 177 310 633 719 769 255 746
289 10 3213 310 633 246 896 719 769 255 746 956 529 342 386 190 237 81 980 774 211 144 177
290 10 3213 255 746 81 980 774 211 190 237 144 177 719 769 246 896 956 529 342 386 310 633
291 10 3213 144 177 342 386 719 769 774 211 255 746 956 529 190 237 246 896 310 633 81 980
292 10 3213 144 177 310 633 190 237 774 211 81 980 956 529 342 386 255 746 246 896 719 769
293 10 3213 310 633 255 746 246 896 956 529 342 386 774 211 81 980 190 237 144 177 719 769
294 10 3213 144 177 774 211 190 237 246 896 956 529 310 633 81 980 255 746 342 386 719 769
295 10 3213 144 177 956 529 719 769 190 237 81 980 255 746 310 633 246 896 342 386 774 211
296 10 3213 81 980 774 211 246 896 190 237 144 177 342 386 719 769 255 746 310 633 956 529
297 10 3213 956 529 342 386 719 769 310 633 144 177 190 237 774 211 246 896 255 746 81 980
298 10 3213 342 386 255 746 246 896 310 633 956 529 190 237 719 769 774 211 81 980 144 177
299 10 3213 190 237 81 980 956 529 255 746 310 633 774 211 144 177 246 896 342 386 719 769
300 10 3213 144 177 342 386 956 529 774 211 719 769 190 237 310 633 255 746 246 896 81 980
301 10 3213 81 980 774 211 144 177 246 896 190 237 956 529 255 746 310 633 719 769 342 386
302 10 3213 956 529 719 769 310 633 342 386 144 177 246 896 255 746 190 237 774 211 81 980
303 10 3213 246 896 956 529 342 386 310 633 255 746 774 211 190 237 144 177 719 769 81 980
304 10 3213 81 980 190 237 956 529 246 896 719 769 342 386 255 746 144 177 774 211 310 633
305 10 3213 774 211 255 746 144 177 719 769 310 633 246 896 190 237 342 386 81 980 956 529
306 10 3213 81 980 956 529 255 746 310 633 190 237 342 386 719 769 246 896 774 211 144 177
307 10 3213 81 980 774 211 956 529 246 896 342 386 144 177 310 633 719 769 190 237 255 746
308 10 3213 144 177 719 769 246 896 774 211 190 237 255 746 310 633 81 980 342 386 956 529
309 10 3213 190 237 310 633 81 980 342 386 719 769 774 211 144 177 255 746 246 896 956 529
310 10 3213 342 386 255 746 190 237 956 529 246 896 310 633 719 769 144 177 81 980 774 211
311 10 3213 774 211 719 769 956 529 190 237 342 386 81 980 255 746 144 177 246 896 310 633
312 10 3213 246 896 81 980 310 633 719 769 190 237 774 211 144 177 956 529 342 386 255 746
313 10 3213 310 633 246 896 774 211 190 237 255 746 342 386 144 177 956 529 719 769 81 980
314 10 3213 342 386 144 177 255 746 719 769 956 529 246 896 190 237 310 633 774 211 81 980
315 10 3213 719 769 246 896 255 746 81 980 956 529 342 386 310 633 190 237 144 177 774 211
316 10 3213 310 633 246 896 81 980 190 237 774 211 719 769 342 386 144 177 255 746 956 529
317 10 3213 255 746 310 633 719 769 144 177 246 896 774 211 190 237 81 980 956 529 342 386
318 10 3213 144 177 342 386 719 769 81 980 190 237 255 746 310 633 774 211 246 896 956 529
319 10 3213 255 746 190 237 310 633 144 177 342 386 246 896 956 529 81 980 774 211 719 769
320 10 3213 310 633 255 746 719 769 246 896 956 529 81 980 342 386 774 211 144 177 190 237
321 10 3213 246 896 342 386 719 769 190 237 144 177 81 980 255 746 310 633 774 211 956 529
322 10 3213 342 386 310 633 246 896 956 529 144 177 719 769 255 746 774 211 190 237 81 980
323 10 3213 255 746 144 177 956 529 774 211 310 633 342 386 81 980 719 769 190 237 246 896
324 10 3213 81 980 310 633 190 237 342 386 719 769 956 529 255 746 246 896 774 211 144 177
325 10 3213 719 769 246 896 255 746 774 211 310 633 342 386 144 177 956 529 190 237 81 980
326 10 3213 246 896 719 769 144 177 310 633 190 237 255 746 81 980 342 386 774 211 956 529
327 10 3213 255 746 774 211 719 769 310 633 342 386 190 237 246 896 144 177 956 529 81 980
328 10 3213 81 980 190 237 719 769 774 211 246 896 310 633 144 177 255 746 956 529 342 386
329 10 3213 310 633 719 769 342 386 190 237 255 746 81 980 246 896 144 177 956 529 774 211
330 10 3213 246 896 310 633 719 769 774 211 144 177 190 237 342 386 81 980 255 746 956 529
331 10 3213 144 177 190 237 255 746 774 211 246 896 310 633 342 386 719 769 956 529 81 980
332 10 3213 342 386 255 746 719 769 144 177 310 633 190 237 956 529 81 980 246 896 774 211
333 10 3213 719 769 190 237 144 177 310 633 774 211 255 746 81 980 342 386 246 896 956 529
334 10 3213 255 746 310 633 774 211 81 980 342 386 144 177 190 237 246 896 956 529 719 769
335 10 3213 190 237 144 177 719 769 342 386 255 746 81 980 310 633 774 211 246 896 956 529
336 10 3213 342 386 956 529 719 769 255 746 144 177 190 237 81 980 310 633 774 211 246 896
337 10 3213 956 529 719 769 255 746 310 633 774 211 81 980 144 177 342 386 190 237 246 896
338 10 3213 774 211 246 896 255 746 310 633 81 980 342 386 719 769 956 529 144 177 190 237
339 10 3213 246 896 310 633 719 769 81 980 190 237 956 529 774 211 342 386 144 177 255 746
340 10 3213 956 529 144 177 774 211 81 980 342 386 246 896 310 633 255 746 719 769 190 237
341 10 3213 190 237 81 980 956 529 342 386 255 746 310 633 774 211 719 769 246 896 144 177
342 10 3213 190 237 81 980 956 529 246 896 255 746 310 633 342 386 144 177 719 769 774 211
343 10 3213 774 211 144 177 190 237 81 980 719 769 310 633 342 386 255 746 956 529 246 896
344 10 3213 719 769 144 177 774 211 81 980 255 746 310 633 342 386 246 896 190 237 956 529
345 10 3213 719 769 246 896 774 211 144 177 190 237 81 980 255 746 956 529 310 633 342 386
346 10 3213 719 769 246 896 774 211 255 746 81 980 190 237 310 633 342 386 144 177 956 529
347 10 3213 255 746 956 529 144 177 310 633 719 769 342 386 774 211 81 980 246 896 190 237
348 10 3213 190 237 255 746 956 529 310 633 144 177 246 896 342 386 719 769 774 211 81 980
349 10 3213 144 177 310 633 255 746 81 980 190 237 342 386 719 769 956 529 246 896 774 211
350 10 3213 342 386 956 529 255 746 190 237 774 211 144 177 246 896 81 980 719 769 310 633
351 10 3213 144 177 342 386 719 769 190 237 246 896 310 633 956 529 774 211 81 980 255 746
352 10 3213 956 529 81 980 774 211 255 746 246 896 342 386 719 769 310 633 144 177 190 237
353 10 3213 81 980 246 896 190 237 956 529 719 769 144 177 774 211 342 386 310 633 255 746
354 10 3213 956 529 246 896 774 211 144 177 81 980 310 633 342 386 719 769 255 746 190 237
355 10 3213 774 211 719 769 310 633 144 177 342 386 81 980 190 237 246 896 255 746 956 529
356 10 3213 255 746 190 237 144 177 956 529 719 769 342 386 774 211 81 980 246 896 310 633
357 10 3213 246 896 144 177 956 529 190 237 310 633 81 980 342 386 255 746 719 769 774 211
358 10 3213 956 529 255 746 342 386 144 177 81 980 719 769 246 896 310 633 190 237 774 211
359 10 3213 956 529 342 386 255 746 81 980 310 633 774 211 190 237 719 769 246 896 144 177
360 10 3213 255 746 774 211 81 980 342 386 719 769 144 177 246 896 310 633 956 529 190 237
361 10 3213 144 177 255 746 81 980 310 633 246 896 342 386 719 769 774 211 190 237 956 529
362 10 3213 255 746 246 896 81 980 342 386 310 633 719 769 190 237 144 177 956 529 774 211
363 10 3213 719 769 246 896 342 386 81 980 144 177 190 237 774 211 310 633 255 746 956 529
364 10 3213 719 769 246 896 774 211 144 177 310 633 81 980 956 529 342 386 255 746 190 237
365 10 3213 342 386 719 769 774 211 81 980 956 529 190 237 144 177 310 633 255 746 246 896
366 10 3213 255 746 719 769 956 529 144 177 246 896 310 633 342 386 81 980 774 211 190 237
367 10 3213 719 769 81 980 190 237 774 211 246 896 310 633 144 177 956 529 255 746 342 386
368 10 3213 144 177 956 529 81 980 774 211 719 769 190 237 246 896 310 633 255 746 342 386
369 10 3213 190 237 310 633 956 529 81 980 255 746 342 386 144 177 719 769 774 211 246 896
370 10 3213 342 386 719 769 255 746 956 529 246 896 190 237 144 177 81 980 774 211 310 633
371 10 3213 255 746 719 769 144 177 81 980 190 237 342 386 774 211 310 633 246 896 956 529
372 10 3213 310 633 342 386 246 896 719 769 190 237 956 529 81 980 255 746 774 211 144 177
373 10 3213 144 177 310 633 342 386 81 980 246 896 190 237 255 746 719 769 774 211 956 529
374 10 3213 774 211 342 386 255 746 190 237 246 896 310 633 719 769 144 177 81 980 956 529
375 10 3213 255 746 81 980 144 177 956 529 246 896 774 211 342 386 190 237 719 769 310 633
376 10 3213 81 980 255 746 190 237 774 211 144 177 342 386 956 529 719 769 310 633 246 896
377 10 3213 774 211 255 746 310 633 81 980 719 769 190 237 246 896 144 177 342 386 956 529
378 10 3213 774 211 144 177 255 746 190 237 956 529 342 386 81 980 310 633 719 769 246 896
379 10 3213 144 177 246 896 342 386 719 769 81 980 956 529 190 237 255 746 774 211 310 633
380 10 3213 310 633 342 386 255 746 81 980 774 211 144 177 719 769 246 896 956 529 190 237
381 10 3213 246 896 342 386 190 237 255 746 144 177 81 980 956 529 774 211 310 633 719 769
382 10 3213 246 896 190 237 774 211 719 769 956 529 81 980 310 633 342 386 144 177 255 746
383 10 3213 956 529 144 177 246 896 190 237 81 980 310 633 719 769 255 746 774 211 342 386
384 10 3213 81 980 342 386 190 237 144 177 719 769 255 746 310 633 246 896 774 211 956 529
385 10 3213 81 980 144 177 255 746 956 529 342 386 719 769 246 896 774 211 310 633 190 237
386 10 3213 246 896 774 211 144 177 956 529 190 237 310 633 255 746 719 769 342 386 81 980
387 10 3213 719 769 774 211 144 177 310 633 190 237 246 896 956 529 342 386 255 746 81 980
388 10 3213 342 386 81 980 310 633 719 769 246 896 144 177 956 529 190 237 774 211 255 746
389 10 3213 774 211 246 896 190 237 81 980 255 746 144 177 719 769 342 386 956 529 310 633
390 10 3213 190 237 342 386 255 746 246 896 719 769 81 980 310 633 774 211 956 529 144 177
391 10 3213 81 980 255 746 310 633 342 386 246 896 144 177 719 769 774 211 190 237 956 529
392 10 3213 190 237 342 386 774 211 255 746 956 529 719 769 81 980 310 633 246 896 144 177
393 10 3213 255 746 956 529 774 211 144 177 719 769 81 980 190 237 310 633 246 896 342 386
394 10 3213 310 633 956 529 719 769 342 386 144 177 246 896 774 211 190 237 81 980 255 746
395 10 3213 190 237 246 896 719 769 255 746 956 529 144 177 81 980 310 633 774 211 342 386
396 10 3213 81 980 255 746 246 896 144 177 956 529 774 211 342 386 310 633 190 237 719 769
397 10 3213 310 633 774 211 719 769 81 980 342 386 956 529 255 746 144 177 190 237 246 896
398 10 3213 719 769 342 386 310 633 246 896 144 177 956 529 81 980 255 746 190 237 774 211
399 10 3213 719 769 81 980 342 386 144 177 246 896 190 237 310 633 255 746 956 529 774 211
400 10 3213 255 746 246 896 81 980 956 529 190 237 719 769 144 177 310 633 342 386 774 211
401 10 3213 774 211 255 746 719 769 144 177 246 896 81 980 956 529 190 237 342 386 310 633
402 10 3213 310 633 342 386 719 769 774 211 956 529 190 237 255 746 81 980 246 896 144 177
403 10 3213 310 633 342 386 246 896 144 177 956 529 190 237 719 769 774 211 81 980 255 746
404 10 3213 956 529 255 746 246 896 190 237 719 769 144 177 310 633 342 386 81 980 774 211
405 10 3213 310 633 342 386 719 769 190 237 144 177 956 529 255 746 774 211 246 896 81 980
406 10 3213 310 633 246 896 81 980 774 211 255 746 719 769 190 237 342 386 144 177 956 529
407 10 3213 774 211 255 746 719 769 956 529 246 896 190 237 342 386 310 633 144 177 81 980
408 10 3213 719 769 342 386 255 746 956 529 144 177 81 980 774 211 190 237 310 633 246 896
409 10 3213 956 529 246 896 342 386 774 211 81 980 719 769 144 177 310 633 255 746 190 237
410 10 3213 255 746 246 896 956 529 190 237 774 211 81 980 342 386 144 177 310 633 719 769
411 10 3213 255 746 310 633 956 529 719 769 774 211 81 980 246 896 144 177 342 386 190 237
412 10 3213 956 529 719 769 310 633 144 177 81 980 246 896 774 211 342 386 190 237 255 746
413 10 3213 956 529 246 896 255 746 190 237 81 980 144 177 310 633 774 211 719 769 342 386
414 10 3213 144 177 190 237 774 211 310 633 81 980 246 896 956 529 719 769 255 746 342 386
415 10 3213 310 633 956 529 246 896 190 237 81 980 255 746 144 177 342 386 719 769 774 211
416 10 3213 246 896 719 769 190 237 144 177 956 529 342 386 255 746 310 633 81 980 774 211
417 10 3213 144 177 310 633 342 386 81 980 719 769 246 896 190 237 255 746 774 211 956 529
418 10 3213 342 386 956 529 246 896 310 633 719 769 255 746 144 177 190 237 81 980 774 211
419 10 3213 81 980 190 237 956 529 342 386 719 769 144 177 310 633 246 896 255 746 774 211
420 10 3213 144 177 774 211 310 633 246 896 342 386 255 746 719 769 190 237 81 980 956 529
421 10 3213 310 633 255 746 246 896 719 769 342 386 81 980 144 177 774 211 190 237 956 529
422 10 3213 246 896 81 980 190 237 774 211 342 386 956 529 255 746 144 177 310 633 719 769
423 10 3213 342 386 774 211 81 980 956 529 719 769 144 177 190 237 255 746 310 633 246 896
424 10 3213 246 896 774 211 255 746 956 529 342 386 190 237 81 980 310 633 144 177 719 769
425 10 3213 144 177 190 237 255 746 81 980 774 211 956 529 342 386 246 896 719 769 310 633
426 10 3213 190 237 246 896 310 633 81 980 956 529 342 386 255 746 144 177 719 769 774 211
427 10 3213 310 633 190 237 81 980 719 769 246 896 255 746 956 529 342 386 774 211 144 177
428 10 3213 190 237 246 896 719 769 81 980 956 529 144 177 255 746 310 633 774 211 342 386
429 10 3213 719 769 144 177 774 211 81 980 246 896 310 633 342 386 255 746 190 237 956 529
430 10 3213 719 769 144 177 190 237 81 980 246 896 774 211 310 633 342 386 255 746 956 529
431 10 3213 956 529 190 237 246 896 310 633 774 211 255 746 342 386 81 980 719 769 144 177
432 10 3213 255 746 342 386 246 896 144 177 774 211 190 237 956 529 719 769 310 633 81 980
433 10 3213 144 177 246 896 190 237 81 980 956 529 310 633 774 211 255 746 342 386 719 769
434 10 3213 255 746 342 386 246 896 190 237 774 211 956 529 144 177 310 633 719 769 81 980
435 10 3213 190 237 342 386 255 746 719 769 956 529 246 896 774 211 144 177 310 633 81 980
436 10 3213 310 633 774 211 144 177 81 980 190 237 246 896 956 529 342 386 255 746 719 769
437 10 3213 81 980 342 386 719 769 774 211 255 746 144 177 190 237 246 896 956 529 310 633
438 10 3213 190 237 81 980 255 746 719 769 310 633 342 386 246 896 144 177 956 529 774 211
439 10 3213 81 980 956 529 719 769 342 386 246 896 774 211 255 746 144 177 190 237 310 633
440 10 3213 190 237 719 769 81 980 310 633 246 896 342 386 774 211 144 177 255 746 956 529
441 10 3213 774 211 190 237 246 896 719 769 144 177 81 980 956 529 310 633 342 386 255 746
442 10 3213 719 769 774 211 144 177 246 896 190 237 81 980 342 386 310 633 956 529 255 746
443 10 3213 719 769 774 211 956 529 81 980 246 896 190 237 310 633 342 386 144 177 255 746
444 10 3213 255 746 190 237 342 386 81 980 144 177 719 769 774 211 956 529 246 896 310 633
445 10 3213 255 746 956 529 246 896 144 177 774 211 342 386 310 633 81 980 719 769 190 237
446 10 3213 774 211 719 769 342 386 81 980 144 177 956 529 255 746 190 237 310 633 246 896
447 10 3213 719 769 956 529 81 980 774 211 144 177 310 633 255 746 190 237 342 386 246 896
448 10 3213 190 237 246 896 774 211 310 633 144 177 81 980 956 529 342 386 255 746 719 769
449 10 3213 81 980 719 769 246 896 342 386 956 529 774 211 144 177 310 633 255 746 190 237
450 10 3213 342 386 255 746 956 529 310 633 246 896 144 177 190 237 774 211 719 769 81 980
451 10 3213 255 746 144 177 310 633 719 769 342 386 246 896 190 237 81 980 956 529 774 211
452 10 3213 719 769 310 633 774 211 81 980 255 746 956 529 144 177 342 386 190 237 246 896
453 10 3213 255 746 342 386 190 237 144 177 310 633 774 211 956 529 81 980 246 896 719 769
454 10 3213 310 633 144 177 774 211 719 769 81 980 190 237 255 746 246 896 342 386 956 529
455 10 3213 342 386 310 633 190 237 774 211 956 529 144 177 246 896 81 980 255 746 719 769
456 10 3213 774 211 956 529 190 237 342 386 310 633 144 177 81 980 255 746 719 769 246 896
457 10 3213 246 896 774 211 310 633 81 980 190 237 144 177 956 529 342 386 255 746 719 769
458 10 3213 774 211 190 237 310 633 342 386 246 896 719 769 956 529 255 746 144 177 81 980
459 10 3213 190 237 774 211 310 633 255 746 956 529 81 980 719 769 342 386 246 896 144 177
460 10 3213 190 237 144 177 956 529 342 386 310 633 81 980 719 769 246 896 774 211 255 746
461 10 3213 81 980 144 177 190 237 774 211 719 769 956 529 342 386 246 896 310 633 255 746
462 10 3213 144 177 719 769 774 211 246 896 342 386 81 980 190 237 310 633 255 746 956 529
463 10 3213 246 896 342 386 255 746 956 529 719 769 774 211 190 237 81 980 144 177 310 633
464 10 3213 342 386 81 980 956 529 190 237 144 177 774 211 246 896 719 769 310 633 255 746
465 10 3213 719 769 144 177 255 746 956 529 190 237 774 211 310 633 342 386 246 896 81 980
466 10 3213 246 896 956 529 190 237 719 769 342 386 81 980 255 746 774 211 144 177 310 633
467 10 3213 719 769 255 746 81 980 310 633 956 529 246 896 190 237 774 211 342 386 144 177
468 10 3213 81 980 144 177 956 529 190 237 255 746 342 386 719 769 310 633 774 211 246 896
469 10 3213 342 386 774 211 144 177 255 746 310 633 190 237 81 980 719 769 246 896 956 529
470 10 3213 310 633 144 177 719 769 774 211 81 980 190 237 342 386 246 896 255 746 956 529
471 10 3213 774 211 144 177 190 237 719 769 255 746 342 386 246 896 81 980 956 529 310 633
472 10 3213 956 529 144 177 310 633 81 980 342 386 719 769 774 211 255 746 190 237 246 896
473 10 3213 246 896 255 746 190 237 342 386 144 177 81 980 310 633 774 211 719 769 956 529
474 10 3213 719 769 310 633 246 896 956 529 81 980 342 386 144 177 190 237 255 746 774 211
475 10 3213 190 237 774 211 342 386 144 177 255 746 956 529 310 633 246 896 719 769 81 980
476 10 3213 342 386 956 529 719 769 774 211 81 980 246 896 144 177 190 237 310 633 255 746
477 10 3213 81 980 246 896 310 633 719 769 774 211 342 386 190 237 144 177 956 529 255 746
478 10 3213 255 746 81 980 342 386 190 237 719 769 310 633 246 896 956 529 144 177 774 211
479 10 3213 144 177 81 980 190 237 255 746 774 211 956 529 719 769 342 386 246 896 310 633
480 10 3213 719 769 246 896 310 633 144 177 190 237 956 529 774 211 255 746 81 980 342 386
481 10 3213 719 769 144 177 342 386 81 980 774 211 255 746 310 633 246 896 956 529 190 237
482 10 3213 310 633 144 177 342 386 719 769 774 211 956 529 190 237 81 980 255 746 246 896
483 10 3213 342 386 956 529 774 211 719 769 144 177 310 633 190 237 81 980 246 896 255 746
484 10 3213 956 529 774 211 719 769 81 980 342 386 190 237 246 896 144 177 255 746 310 633
485 10 3213 81 980 255 746 956 529 342 386 719 769 190 237 246 896 144 177 310 633 774 211
486 10 3213 956 529 310 633 719 769 246 896 342 386 144 177 190 237 81 980 255 746 774 211
487 10 3213 956 529 81 980 246 896 144 177 719 769 255 746 310 633 190 237 774 211 342 386
488 10 3213 246 896 719 769 255 746 190 237 310 633 81 980 774 211 144 177 956 529 342 386
489 10 3213 774 211 255 746 246 896 342 386 144 177 81 980 310 633 956 529 719 769 190 237
490 10 3213 255 746 719 769 246 896 774 211 81 980 956 529 190 237 144 177 310 633 342 386
491 10 3213 190 237 774 211 255 746 956 529 246 896 144 177 81 980 310 633 342 386 719 769
492 10 3213 956 529 246 896 255 746 774 211 719 769 81 980 144 177 342 386 310 633 190 237
493 10 3213 719 769 956 529 342 386 255 746 144 177 81 980 310 633 190 237 774 211 246 896
494 10 3213 310 633 81 980 342 386 255 746 144 177 774 211 246 896 956 529 190 237 719 769
495 10 3213 956 529 255 746 246 896 190 237 81 980 774 211 144 177 342 386 310 633 719 769
496 10 3213 246 896 719 769 956 529 81 980 774 211 144 177 190 237 255 746 342 386 310 633
497 10 3213 342 386 255 746 246 896 190 237 719 769 956 529 144 177 310 633 774 211 81 980
498 10 3213 246 896 310 633 81 980 255 746 956 529 342 386 190 237 719 769 774 211 144 177
499 10 3213 246 896 774 211 190 237 956 529 81 980 144 177 719 769 255 746 310 633 342 386
500 10 3213 774 211 246 896 719 769 956 529 81 980 342 386 255 746 190 237 144 177 310 633
501 10 3213 719 769 956 529 342 386 246 896 255 746 144 177 190 237 81 980 774 211 310 633
502 10 3213 246 896 310 633 190 237 956 529 342 386 255 746 144 177 774 211 81 980 719 769
503 10 3213 956 529 190 237 246 896 719 769 774 211 255 746 81 980 310 633 342 386 144 177
504 10 3213 342 386 774 211 190 237 719 769 255 746 81 980 144 177 310 633 956 529 246 896
505 10 3213 956 529 246 896 81 980 190 237 310 633 342 386 255 746 144 177 774 211 719 769
506 10 3213 246 896 719 769 774 211 144 177 342 386 956 529 255 746 310 633 81 980 190 237
507 10 3213 144 177 956 529 774 211 81 980 255 746 246 896 342 386 310 633 719 769 190 237
508 10 3213 774 211 246 896 342 386 956 529 719 769 255 746 190 237 81 980 144 177 310 633
509 10 3213 144 177 81 980 190 237 956 529 719 769 774 211 246 896 255 746 310 633 342 386
510 10 3213 81 980 774 211 342 386 956 529 190 237 255 746 719 769 246 896 144 177 310 633
511 10 3213 255 746 246 896 144 177 719 769 310 633 956 529 81 980 774 211 190 237 342 386
512 10 3213 342 386 719 769 310 633 956 529 81 980 144 177 255 746 246 896 774 211 190 237
513 10 3213 719 769 310 633 190 237 81 980 956 529 246 896 774 211 144 177 255 746 342 386
514 10 3213 246 896 310 633 81 980 144 177 342 386 190 237 255 746 719 769 956 529 774 211
515 10 3213 310 633 81 980 144 177 255 746 246 896 190 237 719 769 956 529 342 386 774 211
516 10 3213 190 237 310 633 774 211 255 746 144 177 719 769 342 386 246 896 956 529 81 980
517 10 3213 310 633 956 529 719 769 144 177 81 980 190 237 774 211 255 746 246 896 342 386
518 10 3213 719 769 190 237 81 980 956 529 310 633 255 746 342 386 144 177 246 896 774 211
519 10 3213 81 980 342 386 144 177 246 896 774 211 956 529 255 746 190 237 310 633 719 769
520 10 3213 255 746 246 896 774 211 81 980 956 529 144 177 719 769 342 386 310 633 190 237
521 10 3213 956 529 774 211 719 769 342 386 255 746 190 237 310 633 81 980 246 896 144 177
522 10 3213 81 980 255 746 190 237 310 633 246 896 719 769 144 177 774 211 342 386 956 529
523 10 3213 190 237 774 211 255 746 81 980 310 633 246 896 342 386 144 177 719 769 956 529
524 10 3213 81 980 310 633 144 177 342 386 956 529 255 746 719 769 190 237 774 211 246 896
525 10 3213 956 529 190 237 81 980 246 896 144 177 310 633 342 386 719 769 255 746 774 211
526 10 3213 956 529 190 237 774 211 81 980 255 746 144 177 246 896 310 633 719 769 342 386
527 10 3213 774 211 310 633 956 529 144 177 342 386 719 769 81 980 190 237 255 746 246 896
528 10 3213 246 896 956 529 190 237 342 386 255 746 774 211 719 769 310 633 144 177 81 980
529 10 3213 310 633 81 980 144 177 246 896 719 769 255 746 774 211 190 237 956 529 342 386
530 10 3213 342 386 144 177 956 529 246 896 774 211 81 980 190 237 719 769 255 746 310 633
531 10 3213 81 980 342 386 246 896 719 769 255 746 310 633 774 211 144 177 956 529 190 237
532 10 3213 310 633 719 769 774 211 144 177 246 896 956 529 255 746 342 386 81 980 190 237
533 10 3213 956 529 774 211 255 746 310 633 719 769 81 980 144 177 342 386 190 237 246 896
534 10 3213 774 211 144 177 342 386 246 896 956 529 255 746 719 769 81 980 310 633 190 237
535 10 3213 246 896 190 237 956 529 719 769 81 980 144 177 342 386 255 746 774 211 310 633
536 10 3213 81 980 719 769 342 386 310 633 956 529 144 177 255 746 190 237 246 896 774 211
537 10 3213 774 211 81 980 719 769 246 896 144 177 255 746 342 386 190 237 956 529 310 633
538 10 3213 719 769 255 746 774 211 144 177 310 633 190 237 342 386 81 980 956 529 246 896
539 10 3213 144 177 81 980 956 529 190 237 719 769 774 211 342 386 255 746 310 633 246 896
540 10 3213 774 211 719 769 190 237 246 896 956 529 255 746 310 633 81 980 144 177 342 386
541 10 3213 255 746 144 177 246 896 719 769 310 633 81 980 774 211 956 529 190 237 342 386
542 10 3213 246 896 255 746 81 980 190 237 956 529 774 211 144 177 342 386 719 769 310 633
543 10 3213 956 529 144 177 342 386 190 237 719 769 246 896 255 746 310 633 774 211 81 980
544 10 3213 310 633 190 237 774 211 956 529 246 896 81 980 255 746 144 177 342 386 719 769
545 10 3213 342 386 190 237 956 529 719 769 310 633 144 177 81 980 246 896 774 211 255 746
546 10 3213 190 237 956 529 255 746 246 896 81 980 144 177 774 211 310 633 342 386 719 769
547 10 3213 246 896 144 177 81 980 956 529 255 746 774 211 310 633 719 769 342 386 190 237
548 10 3213 956 529 190 237 310 633 342 386 81 980 774 211 719 769 246 896 255 746 144 177
549 10 3213 255 746 719 769 774 211 956 529 190 237 144 177 342 386 81 980 310 633 246 896
550 10 3213 719 769 255 746 774 211 246 896 190 237 144 177 956 529 342 386 310 633 81 980
551 10 3213 144 177 246 896 774 211 342 386 81 980 310 633 190 237 255 746 719 769 956 529
552 10 3213 246 896 774 211 255 746 719 769 81 980 310 633 190 237 144 177 956 529 342 386
553 10 3213 246 896 719 769 956 529 774 211 81 980 255 746 190 237 310 633 144 177 342 386
554 10 3213 255 746 144 177 956 529 190 237 246 896 719 769 342 386 774 211 310 633 81 980
555 10 3213 719 769 144 177 246 896 81 980 956 529 310 633 190 237 342 386 255 746 774 211
556 10 3213 190 237 719 769 310 633 774 211 81 980 956 529 144 177 342 386 255 746 246 896
557 10 3213 719 769 255 746 81 980 144 177 246 896 310 633 774 211 956 529 342 386 190 237
558 10 3213 255 746 310 633 81 980 719 769 144 177 246 896 956 529 774 211 342 386 190 237
559 10 3213 255 746 956 529 774 211 310 633 246 896 719 769 81 980 144 177 342 386 190 237
560 10 3213 342 386 719 769 255 746 774 211 956 529 310 633 81 980 190 237 144 177 246 896
561 10 3213 255 746 144 177 956 529 190 237 310 633 774 211 719 769 81 980 246 896 342 386
562 10 3213 246 896 342 386 956 529 255 746 190 237 719 769 774 211 144 177 81 980 310 633
563 10 3213 310 633 255 746 81 980 190 237 144 177 956 529 246 896 719 769 774 211 342 386
564 10 3213 255 746 81 980 246 896 310 633 719 769 190 237 144 177 774 211 342 386 956 529
565 10 3213 246 896 81 980 956 529 342 386 144 177 774 211 310 633 255 746 190 237 719 769
566 10 3213 956 529 81 980 246 896 310 633 255 746 144 177 342 386 774 211 190 237 719 769
567 10 3213 956 529 774 211 144 177 719 769 81 980 246 896 190 237 255 746 342 386 310 633
568 10 3213 310 633 190 237 956 529 774 211 255 746 81 980 144 177 246 896 342 386 719 769
569 10 3213 774 211 310 633 81 980 190 237 144 177 956 529 719 769 255 746 246 896 342 386
570 10 3213 246 896 342 386 255 746 190 237 81 980 774 211 719 769 310 633 144 177 956 529
571 10 3213 255 746 190 237 81 980 144 177 719 769 342 386 774 211 246 896 310 633 956 529
572 10 3213 81 980 310 633 190 237 342 386 719 769 246 896 956 529 144 177 255 746 774 211
573 10 3213 81 980 190 237 144 177 246 896 255 746 719 769 342 386 774 211 956 529 310 633
574 10 3213 719 769 310 633 144 177 190 237 246 896 255 746 81 980 956 529 342 386 774 211
575 10 3213 342 386 774 211 310 633 190 237 255 746 81 980 144 177 246 896 719 769 956 529
576 10 3213 81 980 956 529 774 211 144 177 310 633 342 386 190 237 719 769 246 896 255 746
577 10 3213 310 633 190 237 144 177 956 529 774 211 255 746 719 769 342 386 246 896 81 980
578 10 3213 342 386 956 529 719 769 246 896 144 177 774 211 310 633 190 237 81 980 255 746
579 10 3213 190 237 255 746 310 633 774 211 81 980 956 529 246 896 719 769 342 386 144 177
580 10 3213 774 211 956 529 190 237 144 177 719 769 310 633 246 896 255 746 342 386 81 980
581 10 3213 81 980 774 211 310 633 342 386 719 769 144 177 956 529 246 896 190 237 255 746
582 10 3213 342 386 246 896 310 633 719 769 255 746 956 529 774 211 144 177 190 237 81 980
583 10 3213 144 177 719 769 956 529 310 633 255 746 81 980 774 211 342 386 246 896 190 237
584 10 3213 190 237 81 980 956 529 342 386 774 211 719 769 255 746 310 633 246 896 144 177
585 10 3213 342 386 255 746 246 896 774 211 81 980 190 237 956 529 144 177 719 769 310 633
586 10 3213 719 769 190 237 774 211 81 980 255 746 144 177 956 529 246 896 342 386 310 633
587 10 3213 144 177 956 529 190 237 719 769 310 633 342 386 255 746 774 211 246 896 81 980
588 10 3213 342 386 774 211 310 633 719 769 81 980 956 529 190 237 255 746 246 896 144 177
589 10 3213 956 529 310 633 255 746 342 386 719 769 144 177 774 211 246 896 81 980 190 237
590 10 3213 774 211 255 746 246 896 144 177 190 237 719 769 342 386 81 980 310 633 956 529
591 10 3213 144 177 774 211 719 769 81 980 956 529 246 896 310 633 255 746 342 386 190 237
592 10 3213 144 177 342 386 246 896 310 633 255 746 774 211 956 529 719 769 190 237 81 980
593 10 3213 774 211 310 633 956 529 144 177 81 980 255 746 719 769 246 896 342 386 190 237
594 10 3213 956 529 190 237 342 386 774 211 81 980 719 769 246 896 144 177 255 746 310 633
595 10 3213 81 980 719 769 956 529 342 386 255 746 190 237 246 896 774 211 144 177 310 633
596 10 3213 719 769 310 633 81 980 190 237 342 386 774 211 144 177 255 746 246 896 956 529
597 10 3213 144 177 310 633 190 237 342 386 81 980 719 769 956 529 255 746 774 211 246 896
598 10 3213 144 177 81 980 255 746 310 633 774 211 342 386 190 237 956 529 719 769 246 896
599 10 3213 774 211 144 177 81 980 719 769 956 529 190 237 342 386 255 746 246 896 310 633
600 10 3213 144 177 310 633 81 980 246 896 956 529 719 769 342 386 774 211 190 237 255 746
601 10 3213 255 746 719 769 774 211 81 980 190 237 310 633 342 386 144 177 246 896 956 529
602 10 3213 774 211 956 529 342 386 144 177 190 237 246 896 81 980 719 769 255 746 310 633
603 10 3213 774 211 81 980 144 177 342 386 246 896 190 237 719 769 310 633 255 746 956 529
604 10 3213 719 769 81 980 956 529 774 211 190 237 342 386 310 633 246 896 255 746 144 177
605 10 3213 144 177 190 237 310 633 956 529 774 211 255 746 81 980 246 896 719 769 342 386
606 10 3213 310 633 255 746 774 211 342 386 144 177 81 980 190 237 719 769 246 896 956 529
607 10 3213 144 177 342 386 246 896 310 633 956 529 190 237 719 769 81 980 255 746 774 211
608 10 3213 190 237 719 769 774 211 81 980 144 177 956 529 310 633 342 386 255 746 246 896
609 10 3213 81 980 342 386 144 177 310 633 246 896 190 237 719 769 255 746 774 211 956 529
610 10 3213 719 769 310 633 774 211 144 177 190 237 956 529 81 980 342 386 255 746 246 896
611 10 3213 255 746 144 177 246 896 81 980 342 386 719 769 190 237 956 529 774 211 310 633
612 10 3213 310 633 144 177 342 386 956 529 81 980 255 746 246 896 190 237 774 211 719 769
613 10 3213 342 386 190 237 81 980 774 211 719 769 246 896 144 177 310 633 255 746 956 529
614 10 3213 246 896 144 177 81 980 255 746 190 237 310 633 956 529 342 386 719 769 774 211
615 10 3213 719 769 310 633 774 211 246 896 190 237 81 980 342 386 956 529 255 746 144 177
616 10 3213 81 980 342 386 719 769 255 746 246 896 144 177 190 237 956 529 310 633 774 211
617 10 3213 246 896 190 237 719 769 956 529 81 980 144 177 255 746 774 211 342 386 310 633
618 10 3213 246 896 190 237 310 633 144 177 956 529 342 386 719 769 255 746 774 211 81 980
619 10 3213 255 746 956 529 342 386 310 633 81 980 190 237 719 769 774 211 144 177 246 896
620 10 3213 956 529 144 177 81 980 719 769 774 211 190 237 310 633 246 896 255 746 342 386
621 10 3213 774 211 190 237 719 769 956 529 255 746 342 386 144 177 310 633 81 980 246 896
622 10 3213 774 211 81 980 956 529 190 237 342 386 310 633 246 896 719 769 255 746 144 177
623 10 3213 246 896 719 769 190 237 310 633 81 980 255 746 342 386 774 211 956 529 144 177
624 10 3213 719 769 255 746 246 896 144 177 956 529 774 211 190 237 81 980 342 386 310 633
625 10 3213 774 211 342 386 246 896 719 769 81 980 190 237 310 633 956 529 255 746 144 177
626 10 3213 144 177 255 746 719 769 81 980 956 529 342 386 190 237 310 633 246 896 774 211
627 10 3213 190 237 956 529 246 896 310 633 342 386 255 746 144 177 719 769 81 980 774 211
628 10 3213 774 211 190 237 255 746 81 980 144 177 310 633 246 896 719 769 342 386 956 529
629 10 3213 956 529 310 633 342 386 81 980 144 177 719 769 190 237 774 211 255 746 246 896
630 10 3213 342 386 310 633 144 177 81 980 774 211 255 746 956 529 246 896 190 237 719 769
631 10 3213 956 529 144 177 774 211 246 896 310 633 190 237 81 980 342 386 255 746 719 769
632 10 3213 310 633 255 746 774 211 246 896 956 529 144 177 81 980 342 386 719 769 190 237
633 10 3213 719 769 956 529 144 177 310 633 255 746 190 237 81 980 246 896 342 386 774 211
634 10 3213 342 386 774 211 255 746 144 177 956 529 310 633 719 769 246 896 81 980 190 237
635 10 3213 246 896 81 980 255 746 774 211 342 386 310 633 144 177 956 529 719 769 190 237
636 10 3213 719 769 310 633 246 896 956 529 144 177 81 980 190 237 342 386 255 746 774 211
637 10 3213 342 386 719 769 190 237 255 746 956 529 774 211 144 177 81 980 246 896 310 633
638 10 3213 255 746 310 633 774 211 719 769 956 529 144 177 342 386 190 237 246 896 81 980
639 10 3213 81 980 255 746 774 211 719 769 190 237 956 529 246 896 310 633 144 177 342 386
640 10 3213 255 746 144 177 342 386 719 769 81 980 774 211 190 237 956 529 246 896 310 633
641 10 3213 190 237 719 769 956 529 144 177 81 980 310 633 246 896 255 746 774 211 342 386
642 10 3213 342 386 246 896 81 980 144 177 956 529 255 746 719 769 190 237 310 633 774 211
643 10 3213 774 211 719 769 246 896 956 529 144 177 81 980 310 633 255 746 190 237 342 386
644 10 3213 310 633 342 386 956 529 255 746 190 237 774 211 246 896 719 769 81 980 144 177
645 10 3213 342 386 719 769 255 746 144 177 774 211 310 633 956 529 190 237 246 896 81 980
646 10 3213 190 237 342 386 255 746 144 177 81 980 774 211 956 529 310 633 246 896 719 769
647 10 3213 342 386 719 769 956 529 144 177 190 237 310 633 246 896 255 746 81 980 774 211
648 10 3213 246 896 342 386 774 211 190 237 719 769 255 746 956 529 144 177 310 633 81 980
649 10 3213 190 237 310 633 246 896 342 386 144 177 719 769 81 980 774 211 255 746 956 529
650 10 3213 774 211 342 386 719 769 190 237 144 177 255 746 956 529 310 633 81 980 246 896
651 10 3213 310 633 190 237 144 177 956 529 255 746 774 211 81 980 719 769 342 386 246 896
652 10 3213 342 386 310 633 190 237 144 177 956 529 81 980 719 769 246 896 774 211 255 746
653 10 3213 774 211 144 177 342 386 81 980 255 746 719 769 190 237 246 896 956 529 310 633
654 10 3213 310 633 144 177 719 769 774 211 956 529 255 746 190 237 81 980 342 386 246 896
655 10 3213 342 386 246 896 255 746 81 980 144 177 190 237 310 633 719 769 956 529 774 211
656 10 3213 774 211 190 237 246 896 719 769 956 529 81 980 255 746 310 633 144 177 342 386
657 10 3213 144 177 190 237 310 633 255 746 774 211 81 980 956 529 246 896 719 769 342 386
658 10 3213 956 529 190 237 310 633 255 746 246 896 144 177 81 980 719 769 342 386 774 211
659 10 3213 719 769 144 177 255 746 342 386 774 211 81 980 310 633 246 896 956 529 190 237
660 10 3213 190 237 255 746 310 633 719 769 774 211 246 896 956 529 144 177 342 386 81 980
661 10 3213 144 177 246 896 190 237 255 746 719 769 342 386 774 211 310 633 956 529 81 980
662 10 3213 190 237 81 980 255 746 774 211 719 769 342 386 246 896 310 633 144 177 956 529
663 10 3213 774 211 719 769 144 177 246 896 190 237 342 386 81 980 956 529 255 746 310 633
664 10 3213 81 980 956 529 774 211 310 633 342 386 255 746 144 177 719 769 190 237 246 896
665 10 3213 956 529 81 980 190 237 144 177 342 386 255 746 310 633 246 896 774 211 719 769
666 10 3213 246 896 81 980 342 386 144 177 719 769 190 237 255 746 956 529 310 633 774 211
667 10 3213 246 896 255 746 342 386 310 633 190 237 144 177 956 529 81 980 774 211 719 769
668 10 3213 342 386 310 633 956 529 255 746 144 177 190 237 246 896 774 211 81 980 719 769
669 10 3213 190 237 81 980 246 896 774 211 342 386 719 769 144 177 255 746 310 633 956 529
670 10 3213 719 769 144 177 81 980 774 211 190 237 310 633 255 746 956 529 342 386 246 896
671 10 3213 246 896 81 980 144 177 956 529 342 386 310 633 255 746 719 769 190 237 774 211
672 10 3213 246 896 342 386 774 211 81 980 956 529 310 633 144 177 190 237 719 769 255 746
673 10 3213 956 529 255 746 144 177 310 633 190 237 81 980 246 896 719 769 774 211 342 386
674 10 3213 342 386 956 529 144 177 246 896 310 633 774 211 255 746 190 237 81 980 719 769
675 10 3213 190 237 246 896 956 529 719 769 774 211 342 386 81 980 310 633 255 746 144 177
676 10 3213 719 769 81 980 310 633 246 896 144 177 774 211 956 529 342 386 190 237 255 746
677 10 3213 246 896 774 211 255 746 144 177 190 237 719 769 81 980 956 529 310 633 342 386
678 10 3213 342 386 255 746 246 896 310 633 774 211 719 769 190 237 144 177 956 529 81 980
679 10 3213 190 237 342 386 310 633 719 769 81 980 144 177 255 746 774 211 246 896 956 529
680 10 3213 246 896 342 386 956 529 190 237 255 746 310 633 81 980 774 211 144 177 719 769
681 10 3213 774 211 310 633 246 896 342 386 255 746 144 177 719 769 81 980 956 529 190 237
682 10 3213 246 896 956 529 255 746 81 980 310 633 144 177 774 211 719 769 342 386 190 237
683 10 3213 144 177 719 769 310 633 190 237 956 529 342 386 81 980 246 896 774 211 255 746
684 10 3213 81 980 774 211 342 386 310 633 719 769 255 746 190 237 956 529 144 177 246 896
685 10 3213 81 980 246 896 342 386 310 633 774 211 190 237 956 529 255 746 719 769 144 177
686 10 3213 246 896 190 237 774 211 719 769 310 633 255 746 342 386 81 980 956 529 144 177
687 10 3213 310 633 246 896 144 177 774 211 190 237 81 980 956 529 255 746 719 769 342 386
688 10 3213 246 896 956 529 255 746 342 386 310 633 144 177 774 211 719 769 81 980 190 237
689 10 3213 255 746 342 386 190 237 719 769 956 529 774 211 144 177 310 633 246 896 81 980
690 10 3213 342 386 310 633 190 237 81 980 719 769 246 896 774 211 144 177 956 529 255 746
691 10 3213 774 211 255 746 310 633 81 980 144 177 190 237 956 529 342 386 246 896 719 769
692 10 3213 719 769 956 529 190 237 246 896 144 177 310 633 81 980 342 386 774 211 255 746
693 10 3213 310 633 246 896 342 386 144 177 190 237 255 746 81 980 774 211 719 769 956 529
694 10 3213 956 529 81 980 144 177 190 237 246 896 310 633 774 211 255 746 342 386 719 769
695 10 3213 246 896 255 746 310 633 719 769 774 211 956 529 81 980 144 177 190 237 342 386
696 10 3213 190 237 310 633 255 746 719 769 81 980 956 529 246 896 774 211 144 177 342 386
697 10 3213 190 237 956 529 144 177 81 980 774 211 246 896 310 633 255 746 342 386 719 769
698 10 3213 190 237 81 980 342 386 310 633 255 746 956 529 774 211 144 177 246 896 719 769
699 10 3213 190 237 144 177 255 746 246 896 342 386 956 529 719 769 774 211 81 980 310 633
700 10 3213 246 896 719 769 255 746 144 177 190 237 774 211 310 633 342 386 81 980 956 529
701 10 3213 774 211 255 746 144 177 190 237 342 386 956 529 246 896 81 980 310 633 719 769
702 10 3213 774 211 956 529 342 386 144 177 719 769 81 980 190 237 255 746 246 896 310 633
703 10 3213 956 529 310 633 81 980 255 746 719 769 246 896 774 211 190 237 144 177 342 386
704 10 3213 255 746 310 633 719 769 144 177 190 237 774 211 342 386 246 896 81 980 956 529
705 10 3213 246 896 190 237 956 529 144 177 81 980 255 746 342 386 774 211 719 769 310 633
706 10 3213 774 211 81 980 246 896 956 529 310 633 144 177 719 769 342 386 190 237 255 746
707 10 3213 342 386 774 211 144 177 190 237 255 746 81 980 719 769 310 633 956 529 246 896
708 10 3213 255 746 144 177 342 386 190 237 774 211 956 529 246 896 310 633 81 980 719 769
709 10 3213 81 980 144 177 342 386 255 746 190 237 774 211 246 896 719 769 956 529 310 633
710 10 3213 342 386 774 211 81 980 310 633 719 769 246 896 255 746 956 529 190 237 144 177
711 10 3213 774 211 81 980 719 769 342 386 144 177 310 633 246 896 190 237 255 746 956 529
712 10 3213 956 529 190 237 246 896 342 386 774 211 81 980 255 746 719 769 144 177 310 633
713 10 3213 190 237 246 896 310 633 956 529 81 980 342 386 774 211 255 746 144 177 719 769
714 10 3213 255 746 719 769 246 896 342 386 190 237 144 177 956 529 310 633 774 211 81 980
715 10 3213 190 237 774 211 342 386 81 980 956 529 310 633 255 746 144 177 719 769 246 896
716 10 3213 81 980 956 529 310 633 774 211 255 746 144 177 342 386 246 896 719 769 190 237
717 10 3213 719 769 144 177 956 529 774 211 255 746 310 633 246 896 342 386 190 237 81 980
718 10 3213 144 177 342 386 774 211 719 769 255 746 956 529 310 633 246 896 190 237 81 980
719 10 3213 81 980 144 177 190 237 719 769 956 529 246 896 774 211 255 746 342 386 310 633
720 10 3213 81 980 255 746 190 237 774 211 144 177 342 386 956 529 246 896 719 769 310 633
721 10 3213 310 633 342 386 190 237 956 529 144 177 774 211 246 896 719 769 81 980 255 746
722 10 3213 255 746 246 896 719 769 81 980 342 386 310 633 774 211 956 529 144 177 190 237
723 10 3213 342 386 956 529 719 769 310 633 81 980 144 177 190 237 246 896 774 211 255 746
724 10 3213 190 237 255 746 144 177 719 769 342 386 81 980 956 529 246 896 774 211 310 633
725 10 3213 342 386 144 177 255 746 246 896 310 633 190 237 719 769 956 529 774 211 81 980
726 10 3213 81 980 774 211 310 633 255 746 342 386 144 177 246 896 190 237 956 529 719 769
727 10 3213 81 980 310 633 246 896 144 177 774 211 719 769 190 237 956 529 342 386 255 746
728 10 3213 190 237 956 529 255 746 144 177 310 633 81 980 719 769 246 896 774 211 342 386
729 10 3213 774 211 310 633 81 980 255 746 246 896 719 769 190 237 342 386 956 529 144 177
730 10 3213 190 237 774 211 144 177 246 896 342 386 255 746 956 529 310 633 81 980 719 769
731 10 3213 774 211 255 746 342 386 190 237 956 529 246 896 144 177 310 633 81 980 719 769
732 10 3213 246 896 774 211 255 746 719 769 190 237 956 529 342 386 81 980 310 633 144 177
733 10 3213 144 177 81 980 774 211 255 746 719 769 342 386 310 633 956 529 190 237 246 896
734 10 3213 956 529 719 769 190 237 774 211 81 980 246 896 255 746 342 386 144 177 310 633
735 10 3213 190 237 255 746 956 529 81 980 342 386 719 769 310 633 774 211 144 177 246 896
736 10 3213 81 980 956 529 719 769 342 386 190 237 310 633 774 211 255 746 246 896 144 177
737 10 3213 719 769 246 896 81 980 144 177 310 633 956 529 255 746 342 386 190 237 774 211
738 10 3213 956 529 310 633 255 746 81 980 246 896 342 386 719 769 190 237 144 177 774 211
739 10 3213 255 746 342 386 774 211 310 633 246 896 719 769 190 237 81 980 956 529 144 177
740 10 3213 144 177 310 633 190 237 255 746 719 769 774 211 81 980 246 896 342 386 956 529
741 10 3213 774 211 342 386 190 237 144 177 956 529 255 746 719 769 81 980 310 633 246 896
742 10 3213 255 746 144 177 342 386 719 769 246 896 310 633 774 211 956 529 190 237 81 980
743 10 3213 81 980 310 633 255 746 246 896 190 237 774 211 956 529 719 769 144 177 342 386
744 10 3213 956 529 719 769 255 746 144 177 81 980 190 237 774 211 342 386 246 896 310 633
745 10 3213 719 769 310 633 246 896 144 177 190 237 342 386 774 211 81 980 956 529 255 746
746 10 3213 246 896 144 177 190 237 310 633 342 386 81 980 956 529 255 746 719 769 774 211
747 10 3213 255 746 310 633 719 769 246 896 81 980 774 211 190 237 342 386 956 529 144 177
748 10 3213 255 746 190 237 310 633 956 529 144 177 719 769 774 211 342 386 246 896 81 980
749 10 3213 956 529 190 237 255 746 342 386 246 896 310 633 144 177 719 769 774 211 81 980
750 10 3213 956 529 144 177 310 633 342 386 255 746 774 211 719 769 246 896 190 237 81 980
751 10 3213 81 980 719 769 342 386 255 746 190 237 144 177 774 211 246 896 310 633 956 529
752 10 3213 310 633 342 386 144 177 255 746 774 211 81 980 719 769 246 896 190 237 956 529
753 10 3213 774 211 342 386 144 177 719 769 956 529 310 633 255 746 81 980 246 896 190 237
754 10 3213 190 237 255 746 81 980 719 769 310 633 144 177 956 529 774 211 246 896 342 386
755 10 3213 190 237 774 211 246 896 719 769 310 633 342 386 956 529 255 746 144 177 81 980
756 10 3213 719 769 144 177 246 896 956 529 342 386 774 211 81 980 190 237 255 746 310 633
757 10 3213 719 769 956 529 81 980 144 177 190 237 774 211 255 746 246 896 310 633 342 386
758 10 3213 144 177 342 386 310 633 774 211 190 237 255 746 719 769 246 896 81 980 956 529
759 10 3213 81 980 774 211 956 529 719 769 310 633 246 896 144 177 342 386 190 237 255 746
760 10 3213 310 633 255 746 81 980 144 177 246 896 719 769 190 237 342 386 956 529 774 211
761 10 3213 310 633 144 177 190 237 956 529 81 980 255 746 246 896 719 769 342 386 774 211
762 10 3213 774 211 310 633 956 529 190 237 246 896 144 177 342 386 255 746 719 769 81 980
763 10 3213 255 746 774 211 956 529 190 237 81 980 144 177 719 769 310 633 246 896 342 386
764 10 3213 719 769 774 211 342 386 190 237 255 746 144 177 956 529 81 980 310 633 246 896
765 10 3213 190 237 956 529 774 211 342 386 81 980 719 769 310 633 144 177 255 746 246 896
766 10 3213 246 896 719 769 342 386 310 633 255 746 956 529 144 177 774 211 81 980 190 237
767 10 3213 190 237 81 980 956 529 144 177 246 896 719 769 310 633 774 211 255 746 342 386
768 10 3213 246 896 774 211 956 529 81 980 144 177 310 633 719 769 255 746 342 386 190 237
769 10 3213 956 529 310 633 144 177 719 769 342 386 190 237 774 211 81 980 255 746 246 896
770 10 3213 255 746 342 386 190 237 246 896 310 633 956 529 719 769 81 980 774 211 144 177
771 10 3213 956 529 190 237 310 633 719 769 81 980 774 211 342 386 255 746 246 896 144 177
772 10 3213 956 529 190 237 255 746 144 177 342 386 719 769 246 896 310 633 81 980 774 211
773 10 3213 774 211 255 746 342 386 310 633 144 177 956 529 246 896 719 769 81 980 190 237
774 10 3213 310 633 190 237 342 386 81 980 144 177 956 529 246 896 774 211 719 769 255 746
775 10 3213 81 980 342 386 956 529 310 633 774 211 144 177 246 896 190 237 719 769 255 746
776 10 3213 342 386 310 633 719 769 190 237 246 896 774 211 255 746 144 177 956 529 81 980
777 10 3213 310 633 719 769 81 980 774 211 246 896 144 177 342 386 255 746 190 237 956 529
778 10 3213 774 211 342 386 310 633 81 980 144 177 190 237 255 746 719 769 956 529 246 896
779 10 3213 719 769 310 633 190 237 342 386 255 746 956 529 81 980 246 896 144 177 774 211
780 10 3213 342 386 310 633 81 980 774 211 144 177 255 746 190 237 719 769 246 896 956 529
781 10 3213 144 177 774 211 310 633 719 769 342 386 81 980 255 746 956 529 190 237 246 896
782 10 3213 190 237 342 386 255 746 246 896 719 769 310 633 774 211 956 529 81 980 144 177
783 10 3213 310 633 255 746 190 237 956 529 719 769 81 980 246 896 144 177 774 211 342 386
784 10 3213 956 529 81 980 310 633 774 211 719 769 144 177 255 746 342 386 246 896 190 237
785 10 3213 255 746 719 769 190 237 774 211 310 633 144 177 342 386 246 896 956 529 81 980
786 10 3213 246 896 342 386 255 746 719 769 774 211 81 980 190 237 310 633 144 177 956 529
787 10 3213 144 177 81 980 246 896 190 237 774 211 342 386 310 633 255 746 719 769 956 529
788 10 3213 774 211 255 746 190 237 310 633 342 386 719 769 246 896 144 177 956 529 81 980
789 10 3213 342 386 255 746 144 177 719 769 774 211 81 980 956 529 310 633 190 237 246 896
790 10 3213 774 211 255 746 144 177 342 386 190 237 81 980 310 633 246 896 956 529 719 769
791 10 3213 255 746 956 529 310 633 774 211 246 896 719 769 144 177 342 386 81 980 190 237
792 10 3213 255 746 342 386 719 769 190 237 310 633 144 177 956 529 774 211 246 896 81 980
793 10 3213 144 177 719 769 310 633 956 529 81 980 255 746 342 386 246 896 774 211 190 237
794 10 3213 255 746 144 177 719 769 310 633 190 237 246 896 342 386 956 529 774 211 81 980
795 10 3213 956 529 774 211 310 633 255 746 246 896 81 980 144 177 719 769 190 237 342 386
796 10 3213 255 746 144 177 81 980 956 529 246 896 342 386 719 769 190 237 774 211 310 633
797 10 3213 342 386 774 211 956 529 190 237 310 633 81 980 246 896 255 746 144 177 719 769
798 10 3213 342 386 190 237 255 746 246 896 956 529 774 211 310 633 144 177 81 980 719 769
799 10 3213 342 386 190 237 81 980 956 529 144 177 246 896 310 633 774 211 719 769 255 746
800 10 3213 81 980 255 746 342 386 246 896 774 211 719 769 144 177 310 633 956 529 190 237
801 10 3213 310 633 774 211 246 896 190 237 956 529 255 746 719 769 342 386 144 177 81 980
802 10 3213 719 769 246 896 310 633 81 980 342 386 144 177 956 529 255 746 774 211 190 237
803 10 3213 774 211 255 746 310 633 190 237 719 769 342 386 144 177 956 529 246 896 81 980
804 10 3213 246 896 310 633 190 237 342 386 956 529 774 211 719 769 255 746 144 177 81 980
805 10 3213 719 769 255 746 342 386 956 529 81 980 774 211 190 237 310 633 246 896 144 177
806 10 3213 190 237 144 177 342 386 81 980 719 769 774 211 310 633 956 529 246 896 255 746
807 10 3213 719 769 310 633 190 237 342 386 774 211 956 529 255 746 144 177 81 980 246 896
808 10 3213 81 980 774 211 310 633 255 746 719 769 246 896 144 177 190 237 956 529 342 386
809 10 3213 81 980 144 177 719 769 190 237 310 633 342 386 774 211 255 746 956 529 246 896
810 10 3213 255 746 342 386 144 177 956 529 190 237 774 211 81 980 246 896 310 633 719 769
811 10 3213 719 769 246 896 190 237 310 633 342 386 774 211 255 746 144 177 956 529 81 980
812 10 3213 190 237 342 386 774 211 719 769 144 177 255 746 310 633 956 529 81 980 246 896
813 10 3213 246 896 342 386 310 633 144 177 190 237 774 211 719 769 956 529 81 980 255 746
814 10 3213 956 529 246 896 310 633 190 237 719 769 342 386 81 980 774 211 255 746 144 177
815 10 3213 255 746 719 769 342 386 310 633 246 896 190 237 774 211 144 177 956 529 81 980
816 10 3213 342 386 719 769 246 896 190 237 774 211 255 746 144 177 310 633 81 980 956 529
817 10 3213 144 177 81 980 190 237 246 896 342 386 310 633 255 746 719 769 956 529 774 211
818 10 3213 144 177 956 529 246 896 719 769 81 980 342 386 190 237 774 211 310 633 255 746
819 10 3213 144 177 342 386 310 633 719 769 255 746 246 896 774 211 81 980 190 237 956 529
820 10 3213 719 769 774 211 144 177 310 633 190 237 81 980 255 746 342 386 956 529 246 896
821 10 3213 144 177 310 633 774 211 81 980 246 896 342 386 719 769 190 237 956 529 255 746
822 10 3213 774 211 144 177 719 769 956 529 246 896 310 633 81 980 255 746 190 237 342 386
823 10 3213 255 746 190 237 956 529 246 896 774 211 342 386 144 177 310 633 719 769 81 980
824 10 3213 956 529 342 386 190 237 144 177 246 896 81 980 774 211 719 769 255 746 310 633
825 10 3213 144 177 81 980 246 896 190 237 774 211 719 769 255 746 310 633 956 529 342 386
826 10 3213 956 529 144 177 255 746 342 386 246 896 310 633 719 769 774 211 81 980 190 237
827 10 3213 310 633 774 211 190 237 956 529 342 386 81 980 719 769 255 746 144 177 246 896
828 10 3213 190 237 719 769 246 896 956 529 310 633 144 177 81 980 342 386 774 211 255 746
829 10 3213 255 746 956 529 190 237 719 769 81 980 310 633 342 386 774 211 144 177 246 896
830 10 3213 246 896 190 237 255 746 719 769 956 529 81 980 144 177 310 633 774 211 342 386
831 10 3213 956 529 310 633 719 769 81 980 342 386 144 177 246 896 255 746 774 211 190 237
832 10 3213 774 211 81 980 246 896 719 769 144 177 342 386 190 237 255 746 956 529 310 633
833 10 3213 310 633 81 980 246 896 719 769 956 529 190 237 144 177 342 386 774 211 255 746
834 10 3213 956 529 719 769 144 177 190 237 255 746 246 896 774 211 342 386 81 980 310 633
835 10 3213 310 633 190 237 774 211 144 177 246 896 719 769 255 746 956 529 81 980 342 386
836 10 3213 774 211 310 633 342 386 144 177 719 769 81 980 190 237 956 529 246 896 255 746
837 10 3213 956 529 719 769 81 980 190 237 246 896 310 633 255 746 342 386 774 211 144 177
838 10 3213 774 211 246 896 719 769 81 980 190 237 144 177 342 386 255 746 310 633 956 529
839 10 3213 310 633 774 211 956 529 190 237 246 896 144 177 719 769 342 386 255 746 81 980
840 10 3213 144 177 774 211 81 980 719 769 310 633 342 386 190 237 246 896 255 746 956 529
841 10 3213 774 211 255 746 190 237 956 529 246 896 342 386 719 769 81 980 310 633 144 177
842 10 3213 190 237 956 529 144 177 719 769 310 633 342 386 774 211 246 896 255 746 81 980
843 10 3213 774 211 81 980 719 769 144 177 246 896 310 633 190 237 342 386 255 746 956 529
844 10 3213 255 746 144 177 956 529 190 237 719 769 310 633 81 980 774 211 342 386 246 896
845 10 3213 144 177 81 980 956 529 774 211 246 896 255 746 190 237 310 633 342 386 719 769
846 10 3213 774 211 190 237 81 980 342 386 246 896 255 746 310 633 144 177 956 529 719 769
847 10 3213 144 177 719 769 81 980 342 386 246 896 310 633 255 746 956 529 774 211 190 237
848 10 3213 246 896 310 633 190 237 144 177 255 746 774 211 956 529 81 980 342 386 719 769
849 10 3213 719 769 246 896 956 529 255 746 342 386 81 980 774 211 144 177 190 237 310 633
850 10 3213 310 633 255 746 190 237 774 211 144 177 719 769 342 386 81 980 246 896 956 529
851 10 3213 190 237 342 386 719 769 255 746 310 633 144 177 774 211 81 980 246 896 956 529
852 10 3213 774 211 310 633 719 769 342 386 255 746 81 980 144 177 190 237 246 896 956 529
853 10 3213 255 746 144 177 956 529 719 769 81 980 190 237 342 386 774 211 246 896 310 633
854 10 3213 81 980 342 386 774 211 246 896 719 769 255 746 144 177 956 529 190 237 310 633
855 10 3213 255 746 81 980 144 177 190 237 310 633 342 386 956 529 246 896 774 211 719 769
856 10 3213 774 211 246 896 81 980 190 237 310 633 144 177 956 529 342 386 255 746 719 769
857 10 3213 956 529 246 896 255 746 774 211 81 980 190 237 310 633 144 177 342 386 719 769
858 10 3213 144 177 774 211 342 386 310 633 956 529 190 237 246 896 719 769 81 980 255 746
859 10 3213 246 896 774 211 342 386 956 529 310 633 190 237 144 177 719 769 81 980 255 746
860 10 3213 255 746 144 177 310 633 774 211 956 529 81 980 719 769 246 896 190 237 342 386
861 10 3213 190 237 342 386 774 211 255 746 310 633 956 529 144 177 719 769 81 980 246 896
862 10 3213 719 769 774 211 255 746 144 177 81 980 246 896 310 633 190 237 956 529 342 386
863 10 3213 774 211 342 386 81 980 719 769 255 746 310 633 246 896 956 529 144 177 190 237
864 10 3213 719 769 342 386 81 980 310 633 144 177 956 529 774 211 190 237 246 896 255 746
865 10 3213 190 237 255 746 719 769 246 896 342 386 144 177 81 980 774 211 956 529 310 633
866 10 3213 81 980 719 769 342 386 190 237 310 633 956 529 246 896 774 211 255 746 144 177
867 10 3213 190 237 719 769 144 177 956 529 81 980 310 633 774 211 255 746 246 896 342 386
868 10 3213 144 177 719 769 81 980 255 746 342 386 774 211 956 529 190 237 310 633 246 896
869 10 3213 310 633 144 177 246 896 190 237 956 529 774 211 81 980 255 746 342 386 719 769
870 10 3213 255 746 144 177 719 769 342 386 246 896 310 633 190 237 774 211 81 980 956 529
871 10 3213 310 633 144 177 190 237 719 769 246 896 774 211 956 529 81 980 342 386 255 746
872 10 3213 81 980 774 211 144 177 310 633 246 896 342 386 255 746 956 529 719 769 190 237
873 10 3213 342 386 719 769 81 980 255 746 246 896 774 211 144 177 956 529 190 237 310 633
874 10 3213 81 980 956 529 144 177 342 386 719 769 246 896 190 237 774 211 310 633 255 746
875 10 3213 144 177 956 529 719 769 774 211 81 980 255 746 246 896 342 386 310 633 190 237
876 10 3213 255 746 342 386 246 896 190 237 719 769 774 211 310 633 956 529 81 980 144 177
877 10 3213 246 896 342 386 774 211 310 633 190 237 81 980 144 177 255 746 956 529 719 769
878 10 3213 190 237 255 746 246 896 81 980 774 211 310 633 342 386 719 769 144 177 956 529
879 10 3213 246 896 310 633 190 237 144 177 956 529 255 746 342 386 81 980 774 211 719 769
880 10 3213 190 237 81 980 956 529 774 211 255 746 719 769 310 633 144 177 342 386 246 896
881 10 3213 956 529 190 237 144 177 774 211 310 633 719 769 81 980 342 386 255 746 246 896
882 10 3213 246 896 190 237 774 211 956 529 81 980 144 177 342 386 255 746 310 633 719 769
883 10 3213 956 529 246 896 310 633 255 746 144 177 342 386 190 237 719 769 774 211 81 980
884 10 3213 246 896 719 769 190 237 956 529 81 980 774 211 310 633 144 177 255 746 342 386
885 10 3213 774 211 956 529 81 980 342 386 144 177 255 746 310 633 190 237 246 896 719 769
886 10 3213 255 746 342 386 246 896 719 769 774 211 190 237 81 980 144 177 310 633 956 529
887 10 3213 81 980 255 746 342 386 144 177 190 237 246 896 719 769 774 211 956 529 310 633
888 10 3213 342 386 719 769 255 746 246 896 774 211 956 529 144 177 310 633 81 980 190 237
889 10 3213 719 769 310 633 246 896 190 237 255 746 144 177 342 386 81 980 956 529 774 211
890 10 3213 719 769 144 177 246 896 956 529 342 386 190 237 255 746 81 980 310 633 774 211
891 10 3213 255 746 81 980 342 386 719 769 956 529 190 237 144 177 774 211 246 896 310 633
892 10 3213 956 529 342 386 774 211 246 896 81 980 190 237 719 769 144 177 255 746 310 633
893 10 3213 956 529 774 211 342 386 81 980 719 769 144 177 190 237 246 896 255 746 310 633
894 10 3213 342 386 310 633 956 529 190 237 255 746 81 980 144 177 246 896 774 211 719 769
895 10 3213 956 529 81 980 310 633 342 386 255 746 774 211 144 177 246 896 190 237 719 769
896 10 3213 774 211 310 633 190 237 255 746 144 177 956 529 246 896 81 980 719 769 342 386
897 10 3213 310 633 144 177 956 529 719 769 246 896 774 211 255 746 190 237 342 386 81 980
898 10 3213 310 633 956 529 342 386 255 746 81 980 774 211 190 237 246 896 719 769 144 177
899 10 3213 342 386 255 746 719 769 956 529 774 211 310 633 190 237 246 896 81 980 144 177
900 10 3213 956 529 190 237 310 633 774 211 719 769 342 386 246 896 255 746 144 177 81 980
901 10 3213 190 237 719 769 956 529 310 633 246 896 255 746 342 386 774 211 81 980 144 177
902 10 3213 774 211 246 896 255 746 144 177 190 237 81 980 956 529 310 633 342 386 719 769
903 10 3213 719 769 246 896 310 633 255 746 956 529 774 211 190 237 144 177 81 980 342 386
904 10 3213 956 529 190 237 81 980 774 211 246 896 255 746 719 769 310 633 342 386 144 177
905 10 3213 774 211 342 386 719 769 310 633 255 746 246 896 144 177 190 237 81 980 956 529
906 10 3213 956 529 246 896 719 769 190 237 310 633 144 177 774 211 81 980 342 386 255 746
907 10 3213 255 746 81 980 246 896 190 237 144 177 956 529 719 769 310 633 774 211 342 386
908 10 3213 246 896 310 633 255 746 956 529 774 211 719 769 342 386 190 237 144 177 81 980
909 10 3213 342 386 310 633 81 980 255 746 956 529 719 769 190 237 144 177 774 211 246 896
910 10 3213 342 386 81 980 774 211 310 633 719 769 246 896 956 529 190 237 255 746 144 177
911 10 3213 956 529 246 896 310 633 190 237 774 211 255 746 342 386 81 980 144 177 719 769
912 10 3213 774 211 310 633 246 896 342 386 81 980 719 769 190 237 956 529 144 177 255 746
913 10 3213 956 529 342 386 246 896 310 633 774 211 190 237 81 980 255 746 719 769 144 177
914 10 3213 342 386 190 237 956 529 774 211 310 633 144 177 719 769 246 896 81 980 255 746
915 10 3213 310 633 246 896 144 177 255 746 81 980 190 237 719 769 956 529 774 211 342 386
916 10 3213 342 386 719 769 81 980 246 896 956 529 774 211 310 633 255 746 190 237 144 177
917 10 3213 342 386 190 237 144 177 81 980 956 529 246 896 255 746 774 211 719 769 310 633
918 10 3213 342 386 719 769 81 980 255 746 190 237 144 177 310 633 246 896 956 529 774 211
919 10 3213 190 237 81 980 246 896 956 529 310 633 774 211 342 386 144 177 719 769 255 746
920 10 3213 144 177 81 980 255 746 310 633 956 529 246 896 190 237 342 386 774 211 719 769
921 10 3213 144 177 719 769 956 529 246 896 190 237 774 211 310 633 255 746 81 980 342 386
922 10 3213 81 980 255 746 144 177 719 769 956 529 342 386 310 633 774 211 246 896 190 237
923 10 3213 144 177 255 746 246 896 342 386 774 211 81 980 956 529 190 237 719 769 310 633
924 10 3213 956 529 310 633 81 980 774 211 255 746 246 896 190 237 342 386 719 769 144 177
925 10 3213 342 386 81 980 774 211 144 177 246 896 719 769 310 633 190 237 956 529 255 746
926 10 3213 81 980 310 633 342 386 956 529 190 237 246 896 774 211 144 177 719 769 255 746
927 10 3213 310 633 719 769 342 386 144 177 774 211 956 529 255 746 190 237 81 980 246 896
928 10 3213 774 211 342 386 246 896 190 237 310 633 144 177 956 529 81 980 719 769 255 746
929 10 3213 342 386 719 769 310 633 956 529 81 980 255 746 190 237 246 896 144 177 774 211
930 10 3213 81 980 342 386 190 237 246 896 255 746 719 769 310 633 144 177 774 211 956 529
931 10 3213 255 746 310 633 956 529 774 211 190 237 81 980 246 896 144 177 342 386 719 769
932 10 3213 255 746 774 211 190 237 956 529 310 633 81 980 144 177 342 386 246 896 719 769
933 10 3213 342 386 144 177 246 896 255 746 190 237 956 529 774 211 719 769 81 980 310 633
934 10 3213 255 746 342 386 719 769 956 529 310 633 774 211 144 177 246 896 81 980 190 237
935 10 3213 144 177 81 980 774 211 246 896 255 746 342 386 719 769 190 237 310 633 956 529
936 10 3213 774 211 719 769 255 746 190 237 246 896 310 633 342 386 81 980 144 177 956 529
937 10 3213 144 177 246 896 956 529 774 211 342 386 719 769 81 980 255 746 310 633 190 237
938 10 3213 246 896 81 980 255 746 956 529 342 386 190 237 144 177 310 633 719 769 774 211
939 10 3213 774 211 246 896 190 237 81 980 255 746 310 633 719 769 956 529 144 177 342 386
940 10 3213 190 237 81 980 956 529 774 211 255 746 719 769 342 386 310 633 246 896 144 177
941 10 3213 144 177 190 237 255 746 342 386 719 769 956 529 774 211 81 980 310 633 246 896
942 10 3213 190 237 246 896 310 633 144 177 255 746 719 769 774 211 81 980 956 529 342 386
943 10 3213 719 769 956 529 246 896 190 237 774 211 81 980 255 746 342 386 144 177 310 633
944 10 3213 956 529 81 980 255 746 144 177 310 633 342 386 246 896 190 237 774 211 719 769
945 10 3213 719 769 246 896 190 237 144 177 310 633 774 211 255 746 81 980 956 529 342 386
946 10 3213 956 529 190 237 81 980 719 769 342 386 144 177 255 746 246 896 310 633 774 211
947 10 3213 190 237 310 633 956 529 719 769 255 746 246 896 144 177 81 980 342 386 774 211
948 10 3213 190 237 719 769 310 633 774 211 246 896 342 386 81 980 255 746 144 177 956 529
949 10 3213 190 237 342 386 774 211 956 529 144 177 81 980 255 746 246 896 719 769 310 633
950 10 3213 190 237 255 746 144 177 310 633 81 980 956 529 342 386 774 211 719 769 246 896
951 10 3213 190 237 310 633 956 529 81 980 342 386 774 211 719 769 255 746 246 896 144 177
952 10 3213 719 769 190 237 255 746 144 177 310 633 81 980 774 211 246 896 342 386 956 529
953 10 3213 310 633 255 746 774 211 144 177 719 769 956 529 342 386 246 896 81 980 190 237
954 10 3213 310 633 81 980 246 896 255 746 342 386 719 769 774 211 144 177 190 237 956 529
955 10 3213 774 211 246 896 144 177 719 769 342 386 81 980 255 746 956 529 310 633 190 237
956 10 3213 246 896 719 769 255 746 144 177 774 211 956 529 81 980 310 633 190 237 342 386
957 10 3213 719 769 774 211 144 177 342 386 310 633 255 746 956 529 246 896 81 980 190 237
958 10 3213 190 237 342 386 144 177 774 211 310 633 246 896 255 746 719 769 81 980 956 529
959 10 3213 190 237 774 211 956 529 144 177 342 386 310 633 246 896 81 980 255 746 719 769
960 10 3213 956 529 190 237 310 633 719 769 255 746 342 386 144 177 774 211 81 980 246 896
961 10 3213 342 386 81 980 255 746 719 769 190 237 144 177 246 896 310 633 956 529 774 211
962 10 3213 190 237 310 633 81 980 255 746 956 529 144 177 246 896 719 769 342 386 774 211
963 10 3213 774 211 246 896 310 633 719 769 342 386 81 980 255 746 144 177 956 529 190 237
964 10 3213 190 237 81 980 774 211 144 177 719 769 255 746 310 633 342 386 956 529 246 896
965 10 3213 255 746 956 529 774 211 719 769 246 896 310 633 81 980 342 386 190 237 144 177
966 10 3213 956 529 719 769 144 177 255 746 81 980 342 386 310 633 246 896 774 211 190 237
967 10 3213 956 529 719 769 81 980 144 177 342 386 774 211 190 237 246 896 310 633 255 746
968 10 3213 144 177 246 896 190 237 342 386 255 746 719 769 310 633 774 211 956 529 81 980
969 10 3213 310 633 774 211 190 237 956 529 246 896 255 746 81 980 719 769 144 177 342 386
970 10 3213 81 980 310 633 342 386 255 746 719 769 190 237 774 211 144 177 956 529 246 896
971 10 3213 310 633 81 980 956 529 719 769 774 211 246 896 144 177 342 386 255 746 190 237
972 10 3213 190 237 246 896 342 386 81 980 310 633 956 529 144 177 255 746 774 211 719 769
973 10 3213 255 746 190 237 246 896 342 386 81 980 310 633 144 177 719 769 774 211 956 529
974 10 3213 774 211 310 633 81 980 144 177 246 896 255 746 342 386 956 529 190 237 719 769
975 10 3213 255 746 956 529 144 177 774 211 81 980 190 237 246 896 310 633 719 769 342 386
976 10 3213 144 177 246 896 310 633 255 746 719 769 81 980 190 237 956 529 774 211 342 386
977 10 3213 255 746 144 177 190 237 342 386 719 769 246 896 956 529 310 633 81 980 774 211
978 10 3213 190 237 342 386 310 633 246 896 774 211 81 980 255 746 144 177 719 769 956 529
979 10 3213 255 746 956 529 774 211 81 980 246 896 190 237 342 386 310 633 144 177 719 769
980 10 3213 246 896 255 746 190 237 342 386 956 529 81 980 719 769 310 633 774 211 144 177
981 10 3213 81 980 342 386 310 633 246 896 144 177 956 529 774 211 190 237 255 746 719 769
982 10 3213 774 211 144 177 255 746 246 896 719 769 956 529 342 386 190 237 310 633 81 980
983 10 3213 342 386 774 211 956 529 719 769 310 633 144 177 246 896 255 746 81 980 190 237
984 10 3213 956 529 246 896 190 237 774 211 719 769 342 386 144 177 81 980 255 746 310 633
985 10 3213 956 529 774 211 342 386 144 177 255 746 310 633 246 896 81 980 719 769 190 237
986 10 3213 719 769 144 177 81 980 956 529 774 211 190 237 255 746 246 896 310 633 342 386
987 10 3213 719 769 190 237 342 386 246 896 255 746 310 633 956 529 774 211 81 980 144 177
988 10 3213 774 211 255 746 342 386 310 633 144 177 719 769 246 896 81 980 190 237 956 529
989 10 3213 144 177 774 211 255 746 81 980 310 633 342 386 719 769 956 529 190 237 246 896
990 10 3213 255 746 190 237 310 633 246 896 81 980 956 529 719 769 144 177 774 211 342 386
991 10 3213 774 211 342 386 81 980 310 633 956 529 255 746 246 896 190 237 144 177 719 769
992 10 3213 774 211 310 633 956 529 255 746 342 386 81 980 719 769 190 237 144 177 246 896
993 10 3213 190 237 956 529 255 746 310 633 719 769 246 896 144 177 81 980 774 211 342 386
994 10 3213 774 211 190 237 719 769 342 386 246 896 255 746 956 529 81 980 310 633 144 177
995 10 3213 144 177 956 529 190 237 81 980 246 896 310 633 774 211 342 386 255 746 719 769
996 10 3213 719 769 310 633 956 529 255 746 81 980 246 896 774 211 190 237 144 177 342 386
997 10 3213 956 529 342 386 81 980 190 237 246 896 774 211 310 633 255 746 144 177 719 769
998 10 3213 774 211 144 177 719 769 956 529 246 896 81 980 310 633 190 237 255 746 342 386
999 10 3213 81 980 246 896 310 633 719 769 255 746 144 177 956 529 342 386 190 237 774 211
1000 10 3213 956 529 719 769 310 633 774 211 144 177 255 746 190 237 81 980 246 896 342 386
1001 10 3213 310 633 246 896 342 386 956 529 190 237 81 980 144 177 774 211 255 746 719 769
